[1, 1, 1, 1, 1]
[9, 9, 9, 9, 9]
[1, 2, 2, 3, 3]
[0, 0, 0, 0, 1]
[29, 32, 34, 35, 36]
[23, 24, 24, 24, 24]
[3, 3, 3, 3, 3]
[10, 10, 10, 10, 10]
[579, 581, 582, 585, 586]
[2, 3, 3, 4, 4]
[1, 1, 1, 2, 2]
[16, 21, 26, 34, 37]
[3, 3, 3, 3, 3]
[5, 6, 6, 6, 6]
[2, 2, 2, 2, 2]
[2, 2, 2, 3, 3]
[2, 2, 2, 2, 2]
[21, 21, 23, 23, 25]
[1, 1, 1, 1, 1]
[15, 17, 18, 18, 18]
[5, 5, 5, 5, 6]
[5, 5, 5, 5, 5]
[1, 1, 1, 1, 2]
[4, 4, 5, 5, 5]
[1, 1, 2, 3, 3]
[9, 10, 10, 10, 10]
[11, 12, 14, 14, 16]
[5, 5, 7, 7, 7]
[71, 78, 91, 98, 109]
[14, 15, 15, 15, 15]
[26, 26, 31, 35, 43]
[15, 15, 15, 15, 15]
[3, 4, 4, 9, 9]
[13, 15, 16, 16, 16]
[15, 16, 17, 17, 17]
[1, 1, 1, 1, 1]
[13, 13, 13, 14, 14]
[12, 13, 15, 15, 16]
[5, 7, 7, 7, 7]
[9, 9, 10, 12, 12]
[2, 2, 2, 2, 2]
[5, 5, 6, 6, 6]
[17, 17, 17, 17, 17]
[4, 4, 7, 8, 9]
[68, 75, 80, 86, 90]
[1, 1, 1, 1, 1]
[2, 3, 3, 3, 3]
[20, 21, 24, 25, 26]
[8, 8, 8, 8, 8]
[25, 26, 26, 26, 26]
[1, 1, 1, 1, 1]
[8, 13, 17, 27, 34]
[8, 10, 10, 15, 16]
[10, 10, 10, 10, 11]
[1, 1, 1, 2, 2]
[1, 1, 1, 1, 2]
[2, 2, 2, 2, 2]
[5, 6, 6, 8, 9]
[5, 5, 5, 6, 6]
[2, 2, 2, 2, 2]
[15, 15, 16, 17, 17]
[26, 26, 26, 26, 26]
[8, 8, 8, 8, 8]
[25, 26, 28, 29, 29]
[5, 6, 6, 6, 6]
[64, 75, 87, 94, 100]
[4, 4, 4, 4, 4]
[19, 19, 23, 26, 28]
[18, 20, 23, 24, 24]
[6, 7, 9, 9, 9]
[1, 1, 1, 1, 1]
[10, 11, 13, 15, 17]
[1, 1, 2, 3, 3]
[6, 6, 6, 6, 6]
[5, 5, 5, 5, 5]
[13, 13, 13, 13, 13]
[22, 22, 23, 24, 25]
[3, 3, 5, 6, 7]
[11, 11, 11, 11, 11]
[11, 11, 12, 13, 14]
[68, 79, 89, 94, 98]
[1, 1, 2, 2, 2]
[2, 2, 2, 2, 4]
[11, 12, 13, 13, 13]
[4, 5, 5, 5, 5]
[18, 19, 19, 19, 20]
[3, 3, 3, 5, 6]
[1, 1, 1, 1, 1]
[16, 17, 17, 19, 19]
[31, 32, 32, 32, 32]
[42, 50, 63, 74, 86]
[3, 4, 5, 7, 7]
[18, 21, 21, 24, 29]
[15, 16, 18, 20, 20]
[8, 8, 9, 9, 9]
[2, 2, 2, 2, 2]
[19, 21, 21, 22, 22]
[9, 10, 14, 15, 15]
[1, 1, 2, 3, 3]
[20, 24, 29, 32, 33]
[7, 8, 9, 9, 11]
[1, 1, 1, 1, 1]
[18, 18, 19, 19, 19]
[1, 1, 1, 1, 1]
[1, 1, 1, 1, 1]
[35, 37, 41, 43, 46]
[8, 8, 8, 8, 8]
[6, 6, 6, 6, 6]
[1, 1, 1, 1, 1]
[1, 1, 1, 1, 1]
[31, 42, 49, 54, 57]
[8, 8, 8, 8, 8]
[4, 4, 4, 4, 4]
[5, 5, 5, 5, 5]
[2, 2, 2, 2, 2]
[1, 1, 1, 1, 1]
[11, 13, 15, 17, 20]
[7, 10, 11, 11, 11]
[3, 3, 3, 3, 4]
[8, 8, 10, 10, 13]
[14, 16, 17, 18, 19]
[24, 24, 24, 25, 25]
[21, 28, 31, 32, 34]
[7, 7, 7, 7, 7]
[2, 3, 4, 4, 4]
[1, 1, 1, 1, 1]
[2, 4, 4, 4, 4]
[4, 6, 6, 8, 9]
[19, 20, 21, 23, 23]
[18, 19, 20, 20, 20]
[5, 5, 6, 7, 8]
[1, 1, 1, 1, 1]
[3, 3, 3, 3, 3]
[20, 26, 32, 33, 36]
[26, 26, 26, 26, 27]
[1, 1, 1, 1, 1]
[8, 8, 9, 9, 9]
[13, 13, 15, 16, 17]
[6, 6, 6, 6, 6]
[1, 1, 1, 1, 1]
[6, 6, 7, 10, 11]
[6, 6, 6, 6, 6]
[29, 32, 33, 35, 36]
[16, 16, 16, 17, 17]
[15, 19, 20, 21, 21]
[19, 19, 19, 19, 19]
[20, 21, 22, 22, 22]
[23, 26, 29, 34, 43]
[3, 3, 3, 4, 5]
[5, 5, 5, 5, 5]
[1, 1, 1, 1, 1]
[8, 9, 9, 10, 10]
[11, 13, 16, 19, 19]
[1, 1, 1, 1, 1]
[3, 3, 3, 3, 3]
[5, 5, 5, 5, 5]
[27, 27, 27, 28, 29]
[4, 5, 6, 6, 6]
[1, 1, 1, 1, 1]
[3, 3, 3, 3, 3]
[24, 24, 24, 24, 24]
[22, 22, 22, 22, 22]
[33, 34, 34, 34, 34]
[3, 3, 3, 4, 4]
[7, 8, 8, 8, 8]
[5, 7, 7, 7, 7]
[16, 16, 16, 16, 16]
[3, 3, 3, 3, 3]
[11, 16, 19, 23, 27]
[26, 28, 31, 31, 31]
[9, 10, 10, 10, 10]
[1, 1, 1, 1, 1]
[7, 7, 7, 8, 8]
[2, 3, 3, 3, 3]
[4, 5, 6, 7, 7]
[3, 3, 3, 3, 3]
[3, 3, 3, 3, 4]
[7, 12, 22, 27, 34]
[16, 18, 19, 21, 22]
[9, 9, 9, 11, 12]
[8, 8, 9, 9, 9]
[16, 17, 17, 17, 17]
[1, 1, 1, 1, 1]
[18, 19, 19, 20, 21]
[11, 11, 12, 13, 13]
[27, 27, 27, 28, 28]
[17, 17, 17, 17, 17]
[7, 8, 8, 8, 8]
[2, 2, 2, 2, 3]
[3, 4, 5, 5, 6]
[10, 12, 13, 13, 16]
[1, 3, 3, 3, 4]
[3, 3, 3, 3, 3]
[6, 9, 9, 10, 10]
[4, 4, 4, 4, 4]
[5, 5, 7, 8, 8]
[12, 12, 12, 12, 12]
[5, 5, 5, 5, 5]
[13, 13, 15, 15, 17]
[110, 152, 178, 203, 222]
[4, 5, 6, 6, 6]
[1, 1, 1, 1, 3]
[4, 5, 6, 7, 7]
[3, 3, 3, 3, 3]
[10, 13, 14, 14, 14]
[15, 15, 15, 15, 15]
[2, 2, 2, 2, 3]
[22, 23, 23, 24, 24]
[3, 3, 3, 3, 3]
[37, 37, 38, 41, 42]
[13, 13, 14, 15, 15]
[2, 2, 2, 2, 2]
[8, 9, 9, 10, 10]
[7, 7, 8, 10, 10]
[3, 6, 7, 7, 8]
[3, 3, 3, 3, 3]
[24, 27, 35, 41, 46]
[6, 6, 6, 7, 7]
[20, 22, 23, 30, 33]
[2, 2, 2, 2, 2]
[1, 2, 2, 2, 2]
[46, 49, 56, 57, 60]
[2, 2, 2, 2, 2]
[20, 20, 20, 20, 20]
[17, 17, 17, 17, 17]
[7, 7, 7, 7, 7]
[0, 0, 1, 1, 1]
[8, 8, 8, 8, 8]
[6, 8, 10, 11, 11]
[1, 1, 1, 1, 1]
[2, 2, 2, 2, 3]
[2, 2, 2, 2, 2]
[1, 1, 1, 1, 1]
[6, 6, 6, 6, 6]
[1, 1, 1, 1, 1]
[1, 1, 1, 1, 1]
[12, 15, 18, 18, 18]
[5, 5, 5, 5, 5]
[7, 7, 8, 8, 8]
[1, 1, 1, 1, 2]
[2, 2, 2, 2, 2]
[20, 20, 21, 23, 23]
[27, 33, 34, 37, 50]
[2, 2, 3, 5, 5]
[2, 2, 2, 2, 2]
[20, 21, 22, 23, 24]
[15, 21, 22, 25, 28]
[10, 13, 14, 15, 15]
[2, 2, 4, 4, 4]
[1, 1, 2, 2, 2]
[1, 1, 1, 1, 1]
[3, 4, 4, 4, 4]
[4, 4, 4, 4, 4]
[14, 14, 16, 16, 16]
[1, 1, 1, 1, 1]
[12, 12, 12, 12, 12]
[1, 1, 1, 1, 1]
[6, 6, 6, 6, 6]
[2, 2, 2, 2, 2]
[3, 4, 4, 4, 5]
[24, 26, 31, 32, 36]
[31, 33, 35, 35, 35]
[16, 17, 19, 21, 23]
[7, 8, 9, 11, 12]
[13, 14, 14, 14, 14]
[4, 4, 4, 4, 5]
[46, 46, 46, 46, 47]
[7, 7, 7, 7, 7]
[26, 26, 28, 30, 31]
[16, 17, 17, 17, 17]
[1, 1, 1, 1, 1]
[14, 15, 16, 17, 17]
[14, 23, 50, 65, 76]
[4, 4, 4, 5, 5]
[4, 4, 5, 5, 6]
[1, 2, 3, 3, 3]
[69, 75, 81, 84, 92]
[22, 23, 26, 28, 29]
[3, 5, 6, 9, 9]
[4, 4, 4, 4, 4]
[6, 7, 7, 7, 7]
[32, 32, 32, 34, 34]
[18, 18, 19, 19, 20]
[1, 1, 1, 1, 1]
[12, 12, 12, 12, 12]
[6, 6, 7, 8, 8]
[92, 94, 97, 97, 99]
[35, 35, 38, 38, 41]
[8, 9, 10, 10, 10]
[8, 11, 13, 14, 14]
[6, 6, 6, 6, 6]
[25, 26, 28, 28, 28]
[6, 6, 7, 7, 8]
[1, 1, 1, 1, 1]
[14, 14, 14, 14, 14]
[16, 16, 17, 17, 18]
[3, 3, 3, 4, 4]
[11, 12, 14, 14, 14]
[1, 1, 1, 1, 1]
[8, 9, 9, 9, 11]
[7, 9, 10, 12, 15]
[8, 10, 10, 11, 11]
[3, 4, 4, 4, 4]
[16, 17, 18, 19, 19]
[11, 11, 11, 12, 12]
[3, 3, 3, 3, 4]
[4, 4, 4, 4, 4]
[6, 6, 6, 6, 7]
[1, 1, 1, 1, 1]
[3, 3, 3, 3, 4]
[2, 2, 2, 3, 3]
[1, 1, 1, 1, 1]
[1, 1, 1, 1, 1]
[15, 16, 17, 17, 17]
[1, 1, 1, 1, 1]
[15, 19, 22, 27, 31]
[19, 22, 22, 22, 22]
[10, 10, 11, 11, 11]
[2, 4, 4, 5, 5]
[7, 11, 13, 13, 14]
[17, 17, 19, 20, 20]
[3, 3, 3, 3, 3]
[5, 5, 5, 5, 5]
[17, 18, 18, 19, 20]
[15, 18, 19, 19, 21]
[1, 1, 1, 1, 2]
[20, 20, 21, 22, 23]
[1, 1, 1, 1, 1]
[1, 1, 1, 1, 1]
[2, 2, 2, 2, 2]
[10, 12, 12, 12, 12]
[1, 1, 1, 1, 1]
[1, 1, 1, 1, 1]
[2, 2, 2, 2, 2]
[1, 2, 2, 2, 2]
[4, 4, 4, 4, 5]
[1, 1, 1, 1, 1]
[1, 2, 2, 2, 2]
[14, 18, 19, 19, 20]
[4, 4, 4, 5, 5]
[1, 1, 1, 1, 1]
[14, 14, 15, 18, 19]
[4, 4, 4, 5, 6]
[1, 1, 1, 2, 2]
[5, 6, 6, 6, 6]
[3, 4, 7, 10, 10]
[11, 11, 11, 12, 12]
[1, 1, 1, 1, 1]
[34, 34, 34, 34, 34]
[6, 6, 7, 8, 8]
[2, 3, 4, 5, 6]
[26, 27, 30, 32, 35]
[3, 3, 3, 3, 3]
[2, 2, 2, 3, 3]
[2, 2, 2, 2, 2]
[6, 6, 6, 6, 6]
[1, 1, 1, 1, 1]
[1, 2, 2, 2, 2]
[12, 13, 13, 13, 14]
[1, 1, 1, 1, 1]
[16, 16, 16, 16, 16]
[9, 10, 10, 11, 12]
[3, 3, 3, 3, 4]
[20, 23, 28, 33, 36]
[12, 12, 12, 12, 12]
[2, 3, 3, 3, 3]
[1, 1, 1, 1, 1]
[16, 17, 19, 21, 22]
[4, 4, 4, 4, 4]
[8, 9, 9, 9, 9]
[8, 9, 10, 10, 11]
[1, 1, 1, 1, 1]
[5, 6, 6, 7, 7]
[2, 2, 2, 2, 3]
[19, 22, 23, 24, 28]
[2, 2, 2, 2, 2]
[11, 11, 11, 12, 13]
[33, 35, 36, 39, 39]
[5, 5, 5, 5, 5]
[10, 10, 10, 10, 10]
[15, 16, 17, 17, 17]
[18, 19, 20, 21, 22]
[5, 5, 6, 6, 6]
[2, 3, 3, 4, 4]
[1, 1, 1, 1, 1]
[20, 20, 20, 20, 22]
[1, 1, 1, 1, 1]
[5, 6, 8, 8, 8]
[6, 7, 8, 9, 10]
[11, 14, 16, 17, 17]
[6, 6, 6, 6, 6]
[13, 14, 14, 14, 14]
[51, 54, 57, 57, 58]
[1, 1, 1, 1, 1]
[8, 8, 8, 8, 8]
[12, 12, 12, 12, 12]
[26, 35, 39, 43, 55]
[17, 20, 23, 26, 31]
[21, 27, 32, 35, 37]
[9, 10, 10, 10, 10]
[19, 19, 19, 19, 19]
[22, 23, 24, 24, 26]
[4, 4, 4, 4, 4]
[2, 2, 2, 2, 2]
[2, 2, 3, 3, 3]
[8, 9, 10, 13, 15]
[3, 3, 3, 3, 4]
[10, 11, 11, 12, 15]
[5, 5, 5, 5, 5]
[2, 4, 5, 8, 9]
[4, 4, 4, 4, 5]
[6, 6, 7, 8, 8]
[1, 1, 1, 1, 1]
[11, 12, 13, 16, 19]
[34, 34, 36, 36, 36]
[29, 29, 29, 29, 30]
[1, 1, 1, 1, 1]
[6, 6, 6, 6, 6]
[1, 1, 1, 1, 2]
[12, 14, 14, 15, 15]
[1, 1, 1, 1, 1]
[9, 9, 10, 10, 10]
[3, 3, 3, 3, 4]
[17, 21, 26, 29, 30]
[1, 3, 3, 3, 3]
[1, 1, 1, 1, 1]
[6, 6, 6, 6, 7]
[1, 1, 1, 1, 1]
[31, 38, 44, 48, 51]
[1, 2, 2, 2, 2]
[6, 6, 6, 6, 6]
[9, 9, 10, 10, 10]
[1, 1, 1, 1, 1]
[12, 16, 18, 19, 20]
[1, 1, 1, 1, 1]
[2, 2, 2, 3, 4]
[6, 7, 7, 10, 11]
[16, 17, 19, 23, 27]
[12, 18, 19, 20, 27]
[5, 6, 9, 13, 14]
[12, 12, 14, 15, 15]
[1, 1, 1, 1, 1]
[9, 10, 10, 12, 12]
[1, 2, 2, 2, 3]
[1, 1, 1, 1, 1]
[44, 46, 48, 51, 52]
[16, 17, 18, 19, 19]
[7, 7, 7, 7, 8]
[46, 49, 49, 50, 50]
[1, 1, 1, 1, 1]
[3, 3, 3, 3, 4]
[6, 6, 6, 6, 6]
[6, 7, 8, 8, 8]
[4, 5, 5, 6, 6]
[1, 1, 1, 1, 1]
[1, 1, 1, 1, 1]
[3, 5, 5, 6, 6]
[3, 3, 3, 3, 3]
[1, 1, 1, 1, 1]
[10, 10, 10, 10, 10]
[1, 1, 1, 1, 1]
[25, 26, 27, 30, 32]
[3, 3, 3, 3, 3]
[448, 546, 604, 667, 715]
[32, 32, 32, 33, 33]
[2, 2, 2, 2, 2]
[6, 6, 6, 6, 6]
[5, 5, 5, 6, 7]
[2, 2, 2, 2, 2]
[4, 4, 4, 4, 4]
[13, 14, 14, 14, 14]
[5, 6, 6, 6, 6]
[8, 10, 10, 11, 12]
[1, 1, 1, 1, 2]
[13, 14, 14, 14, 14]
[8, 8, 8, 8, 8]
[26, 26, 26, 26, 26]
[21, 21, 21, 22, 22]
[2, 2, 4, 5, 5]
[1, 1, 1, 1, 1]
[1, 1, 1, 1, 1]
[12, 13, 14, 15, 15]
[11, 11, 11, 11, 11]
[1, 1, 1, 1, 1]
[3, 3, 3, 3, 3]
[15, 15, 16, 17, 17]
[6, 6, 7, 7, 7]
[4, 4, 5, 5, 5]
[21, 22, 24, 25, 26]
[10, 11, 12, 13, 13]
[17, 17, 18, 18, 20]
[8, 12, 15, 15, 17]
[5, 5, 6, 6, 8]
[2, 2, 2, 3, 4]
[2, 2, 2, 2, 2]
[9, 9, 9, 9, 9]
[1, 1, 1, 1, 1]
[1, 1, 1, 1, 1]
[21, 22, 24, 27, 28]
[7, 10, 15, 15, 19]
[15, 18, 20, 22, 22]
[7, 7, 7, 7, 7]
[2, 2, 2, 2, 2]
[1, 1, 2, 2, 2]
[1, 1, 1, 1, 1]
[1, 1, 1, 1, 1]
[4, 5, 5, 5, 5]
[12, 14, 16, 17, 18]
[9, 13, 14, 16, 18]
[34, 34, 35, 36, 36]
[13, 13, 13, 13, 14]
[22, 23, 24, 24, 24]
[14, 15, 16, 16, 16]
[2, 2, 2, 3, 3]
[1, 1, 3, 3, 5]
[5, 5, 5, 5, 6]
[7, 8, 8, 11, 11]
[8, 9, 11, 11, 12]
[1, 1, 1, 1, 1]
[1, 1, 1, 2, 3]
[12, 12, 14, 14, 14]
[2, 3, 3, 4, 4]
[13, 14, 15, 15, 15]
[19, 21, 22, 22, 24]
[12, 12, 13, 13, 13]
[9, 9, 9, 9, 9]
[1, 1, 2, 4, 4]
[4, 5, 8, 9, 10]
[2, 3, 3, 3, 3]
[9, 10, 10, 10, 10]
[40, 43, 45, 47, 51]
[2, 2, 2, 2, 2]
[27, 29, 31, 33, 33]
[11, 11, 12, 12, 12]
[1, 1, 1, 1, 1]
[1, 1, 1, 1, 1]
[11, 12, 12, 13, 13]
[71, 75, 77, 84, 86]
[7, 9, 11, 13, 13]
[28, 30, 32, 35, 36]
[2, 2, 3, 3, 3]
[5, 6, 7, 8, 8]
[8, 9, 10, 11, 12]
[8, 8, 8, 8, 9]
[1, 1, 1, 1, 1]
[4, 6, 9, 9, 9]
[7, 7, 8, 8, 8]
[11, 12, 12, 12, 12]
[4, 6, 9, 12, 14]
[2, 2, 2, 2, 2]
[24, 26, 26, 27, 29]
[19, 19, 19, 19, 19]
[6, 7, 7, 7, 8]
[2, 4, 6, 6, 6]
[23, 24, 26, 27, 27]
[4, 4, 6, 6, 6]
[24, 26, 26, 26, 27]
[9, 10, 10, 10, 10]
[7, 7, 7, 7, 7]
[1, 1, 1, 1, 1]
[1, 1, 1, 1, 1]
[10, 10, 10, 10, 11]
[1, 2, 2, 2, 2]
[17, 18, 20, 20, 21]
[7, 7, 8, 8, 8]
[8, 8, 10, 10, 10]
[1, 1, 1, 1, 1]
[1, 1, 1, 1, 1]
[2, 4, 4, 5, 7]
[2, 2, 2, 2, 2]
[1, 1, 1, 1, 1]
[20, 21, 21, 22, 24]
[4, 4, 4, 4, 4]
[7, 7, 7, 7, 7]
[2, 2, 3, 3, 3]
[21, 22, 25, 26, 28]
[8, 10, 12, 14, 20]
[2, 2, 2, 3, 3]
[9, 11, 11, 11, 11]
[11, 12, 13, 13, 14]
[4, 4, 4, 4, 4]
[2, 2, 2, 3, 3]
[7, 7, 8, 8, 9]
[6, 6, 6, 6, 7]
[1, 3, 3, 3, 3]
[1, 1, 1, 1, 1]
[7, 10, 10, 12, 13]
[11, 20, 30, 33, 43]
[8, 8, 8, 8, 8]
[2, 2, 2, 2, 2]
[1, 2, 2, 2, 2]
[2, 3, 4, 5, 7]
[1, 1, 1, 1, 1]
[4, 4, 4, 4, 4]
[1, 1, 1, 1, 1]
[7, 9, 9, 9, 9]
[1, 1, 1, 1, 1]
[23, 27, 32, 35, 37]
[4, 4, 4, 4, 5]
[27, 27, 28, 29, 29]
[3, 5, 5, 5, 5]
[4, 4, 4, 4, 4]
[1, 1, 2, 3, 3]
[1, 1, 1, 1, 1]
[7, 8, 8, 8, 8]
[25, 41, 52, 58, 66]
[2, 2, 2, 2, 3]
[9, 9, 9, 9, 10]
[2, 3, 3, 3, 3]
[21, 22, 23, 26, 26]
[29, 31, 32, 35, 36]
[2, 2, 2, 2, 2]
[8, 8, 8, 8, 8]
[25, 25, 28, 28, 29]
[2, 2, 2, 2, 2]
[1, 1, 1, 1, 1]
[6, 7, 8, 9, 11]
[5, 5, 6, 6, 6]
[5, 6, 7, 7, 7]
[2, 2, 3, 3, 3]
[1, 1, 1, 1, 1]
[1, 1, 1, 1, 1]
[3, 6, 7, 7, 7]
[4, 4, 4, 5, 5]
[14, 16, 18, 18, 19]
[10, 11, 12, 12, 12]
[16, 19, 20, 21, 23]
[4, 4, 4, 4, 4]
[2, 2, 2, 2, 2]
[2, 2, 2, 4, 5]
[33, 39, 43, 48, 56]
[1, 1, 2, 4, 6]
[4, 4, 6, 7, 7]
[9, 9, 9, 11, 13]
[17, 18, 18, 19, 19]
[13, 18, 26, 29, 44]
[21, 23, 24, 25, 27]
[1, 1, 1, 1, 1]
[11, 11, 13, 13, 13]
[2, 2, 2, 2, 2]
[7, 7, 8, 8, 9]
[14, 14, 14, 15, 15]
[1, 1, 1, 1, 1]
[10, 10, 11, 12, 12]
[16, 16, 17, 17, 19]
[2, 2, 2, 2, 2]
[14, 15, 15, 16, 16]
[85, 85, 88, 90, 92]
[2, 2, 2, 2, 2]
[104, 126, 141, 149, 155]
[1, 1, 1, 1, 1]
[11, 11, 13, 13, 13]
[9, 12, 13, 13, 13]
[21, 21, 21, 21, 21]
[11, 11, 12, 13, 13]
[34, 44, 53, 61, 63]
[25, 27, 27, 27, 28]
[35, 38, 42, 43, 43]
[17, 17, 18, 19, 20]
[3, 4, 5, 6, 6]
[1, 1, 1, 3, 6]
[3, 3, 3, 4, 4]
[8, 10, 14, 15, 15]
[12, 13, 13, 15, 18]
[1, 1, 1, 1, 2]
[12, 13, 13, 13, 13]
[4, 4, 4, 4, 4]
[2, 2, 2, 2, 2]
[4, 8, 9, 15, 16]
[26, 38, 51, 56, 63]
[1, 1, 1, 1, 1]
[6, 6, 7, 7, 7]
[27, 29, 32, 32, 33]
[1, 1, 1, 1, 1]
[20, 23, 23, 25, 25]
[10, 20, 20, 21, 28]
[24, 26, 27, 29, 30]
[1, 1, 1, 1, 1]
[13, 14, 15, 15, 15]
[2, 2, 3, 3, 3]
[4, 4, 4, 5, 6]
[5, 5, 5, 5, 6]
[4, 4, 4, 4, 5]
[8, 8, 8, 8, 8]
[1, 1, 1, 1, 1]
[7, 8, 10, 11, 12]
[9, 9, 10, 10, 10]
[30, 33, 39, 44, 49]
[1, 1, 1, 1, 1]
[3, 3, 5, 6, 6]
[12, 13, 14, 14, 15]
[3, 3, 3, 3, 3]
[1, 1, 1, 1, 1]
[4, 4, 5, 6, 6]
[36, 43, 50, 54, 56]
[4, 4, 4, 4, 4]
[5, 5, 5, 5, 5]
[31, 31, 31, 31, 31]
[19, 20, 20, 21, 22]
[1, 1, 1, 1, 1]
[12, 12, 12, 13, 13]
[4, 5, 5, 5, 5]
[24, 24, 24, 24, 25]
[8, 11, 11, 11, 11]
[1, 1, 1, 1, 1]
[3, 3, 3, 3, 3]
[27, 28, 31, 32, 33]
[4, 4, 4, 4, 4]
[2, 3, 3, 3, 3]
[7, 7, 7, 7, 7]
[15, 15, 15, 15, 19]
[6, 7, 7, 7, 7]
[17, 17, 17, 17, 17]
[20, 21, 21, 21, 21]
[1, 1, 1, 1, 1]
[39, 46, 50, 51, 59]
[2, 3, 3, 3, 4]
[28, 29, 29, 29, 29]
[4, 5, 5, 5, 5]
[18, 19, 20, 21, 21]
[24, 24, 27, 28, 28]
[2, 3, 3, 3, 3]
[15, 15, 19, 19, 19]
[1, 2, 2, 2, 2]
[4, 4, 4, 4, 4]
[2, 2, 3, 3, 3]
[6, 7, 8, 8, 8]
[13, 13, 13, 14, 14]
[20, 20, 22, 23, 23]
[9, 9, 9, 10, 10]
[2, 2, 2, 2, 2]
[1, 1, 2, 2, 2]
[76, 104, 147, 166, 213]
[15, 15, 15, 15, 15]
[1, 1, 2, 3, 3]
[20, 21, 24, 24, 25]
[9, 9, 10, 10, 11]
[16, 17, 17, 17, 18]
[6, 11, 11, 11, 11]
[8, 8, 9, 10, 10]
[1, 1, 1, 1, 1]
[2, 2, 2, 3, 3]
[6, 7, 8, 8, 10]
[2, 3, 5, 5, 5]
[3, 3, 3, 4, 6]
[1, 1, 1, 1, 1]
[14, 14, 16, 16, 17]
[8, 9, 10, 12, 12]
[16, 18, 19, 19, 21]
[1, 1, 1, 1, 1]
[11, 13, 14, 16, 17]
[1, 1, 1, 2, 3]
[9, 9, 9, 9, 10]
[7, 9, 9, 9, 9]
[5, 8, 12, 13, 15]
[21, 32, 45, 51, 63]
[4, 7, 9, 10, 13]
[8, 12, 13, 15, 15]
[3, 3, 3, 3, 3]
[6, 6, 6, 6, 6]
[5, 5, 8, 9, 10]
[14, 16, 18, 19, 20]
[12, 12, 12, 12, 12]
[22, 22, 22, 22, 22]
[45, 46, 47, 47, 47]
[1, 1, 1, 1, 1]
[12, 16, 16, 16, 16]
[4, 4, 4, 4, 4]
[1, 1, 1, 2, 2]
[2, 2, 2, 2, 2]
[3, 3, 3, 3, 3]
[2, 2, 2, 2, 2]
[4, 4, 4, 4, 4]
[1, 1, 1, 1, 1]
[4, 4, 4, 6, 6]
[1, 1, 1, 1, 2]
[4, 4, 4, 5, 6]
[2, 2, 2, 2, 2]
[21, 23, 24, 24, 24]
[3, 3, 3, 3, 3]
[2, 2, 3, 3, 3]
[1, 1, 1, 1, 1]
[30, 32, 32, 32, 32]
[4, 4, 4, 4, 4]
[3, 4, 5, 5, 5]
[30, 36, 38, 42, 43]
[28, 30, 30, 30, 30]
[2, 2, 2, 2, 3]
[3, 3, 3, 3, 3]
[22, 24, 24, 27, 29]
[13, 14, 18, 19, 20]
[2, 2, 2, 2, 2]
[1, 1, 1, 1, 1]
[8, 9, 10, 13, 13]
[40, 42, 45, 47, 49]
[1, 1, 1, 1, 1]
[17, 17, 17, 19, 19]
[3, 4, 5, 5, 5]
[33, 40, 41, 41, 42]
[31, 31, 31, 32, 32]
[14, 14, 14, 14, 14]
[10, 11, 12, 12, 13]
[1, 1, 1, 1, 1]
[5, 5, 6, 8, 8]
[4, 5, 6, 6, 6]
[2, 2, 2, 2, 2]
[15, 15, 15, 15, 15]
[16, 17, 17, 18, 20]
[27, 33, 36, 37, 38]
[2, 3, 3, 3, 3]
[2, 3, 10, 10, 11]
[1, 2, 2, 2, 2]
[17, 17, 20, 21, 21]
[3, 4, 5, 5, 5]
[3, 3, 3, 3, 3]
[12, 12, 12, 12, 12]
[16, 16, 16, 16, 16]
[10, 13, 14, 18, 21]
[3, 3, 4, 5, 5]
[16, 17, 19, 20, 20]
[16, 16, 19, 19, 19]
[1, 1, 1, 1, 1]
[1, 1, 1, 1, 1]
[20, 20, 22, 22, 24]
[14, 14, 14, 16, 16]
[39, 46, 53, 61, 67]
[33, 35, 36, 39, 41]
[6, 6, 6, 6, 6]
[2, 2, 2, 2, 2]
[4, 4, 4, 4, 4]
[10, 10, 11, 12, 12]
[13, 13, 14, 14, 15]
[16, 18, 20, 25, 29]
[20, 20, 20, 20, 20]
[5, 5, 5, 5, 6]
[3, 3, 3, 4, 4]
[14, 14, 16, 16, 16]
[36, 41, 48, 51, 54]
[5, 5, 6, 6, 6]
[10, 10, 10, 10, 10]
[2, 2, 2, 2, 2]
[1, 1, 1, 1, 2]
[3, 3, 3, 3, 3]
[12, 13, 13, 15, 15]
[27, 30, 33, 34, 34]
[1, 2, 3, 3, 3]
[28, 29, 29, 29, 30]
[4, 4, 4, 4, 4]
[11, 13, 15, 16, 16]
[5, 5, 6, 6, 6]
[15, 15, 15, 15, 15]
[1, 1, 1, 1, 1]
[11, 11, 11, 12, 12]
[23, 24, 27, 28, 29]
[8, 8, 8, 8, 8]
[1, 1, 1, 1, 1]
[12, 12, 12, 13, 14]
[1, 2, 2, 2, 2]
[6, 7, 7, 7, 7]
[2, 2, 2, 2, 2]
[13, 15, 16, 17, 17]
[4, 4, 4, 4, 4]
[4, 6, 7, 9, 9]
[2, 3, 3, 3, 3]
[5, 5, 5, 5, 6]
[9, 9, 9, 10, 11]
[21, 21, 21, 21, 21]
[2, 2, 2, 2, 2]
[14, 15, 16, 16, 16]
[2, 2, 4, 6, 7]
[2, 2, 2, 2, 2]
[7, 7, 8, 8, 8]
[3, 3, 3, 3, 4]
[20, 25, 25, 27, 27]
[2, 2, 2, 2, 2]
[2, 2, 2, 2, 2]
[2, 2, 2, 2, 2]
[3, 3, 3, 3, 3]
[1, 1, 2, 2, 2]
[9, 10, 10, 10, 10]
[1, 1, 1, 1, 1]
[13, 14, 15, 16, 17]
[1, 1, 1, 1, 2]
[45, 45, 49, 49, 50]
[14, 20, 26, 29, 31]
[20, 21, 21, 21, 21]
[4, 5, 5, 5, 5]
[9, 10, 10, 10, 10]
[1, 1, 1, 1, 1]
[14, 15, 19, 20, 20]
[1, 1, 1, 1, 1]
[4, 5, 5, 5, 5]
[4, 4, 4, 4, 4]
[7, 8, 9, 11, 12]
[2, 3, 3, 3, 3]
[19, 20, 20, 21, 21]
[4, 4, 6, 6, 8]
[9, 10, 11, 13, 14]
[12, 13, 13, 13, 15]
[7, 7, 7, 7, 7]
[2, 2, 3, 3, 3]
[28, 30, 30, 31, 33]
[2, 2, 2, 2, 2]
[9, 9, 9, 9, 9]
[1, 2, 2, 3, 3]
[1, 1, 1, 1, 1]
[1, 1, 1, 1, 1]
[2, 2, 2, 2, 2]
[1, 1, 1, 1, 1]
[1, 1, 1, 1, 1]
[5, 5, 5, 6, 7]
[10, 10, 10, 10, 10]
[12, 12, 14, 14, 14]
[11, 11, 11, 11, 12]
[2, 2, 2, 2, 2]
[11, 11, 11, 11, 11]
[1, 1, 1, 1, 1]
[1, 1, 1, 1, 1]
[2, 2, 2, 2, 2]
[14, 14, 14, 14, 14]
[1, 3, 3, 4, 4]
[13, 17, 22, 24, 25]
[1, 1, 1, 1, 1]
[22, 24, 32, 40, 41]
[8, 14, 17, 19, 21]
[17, 20, 23, 23, 23]
[6, 6, 6, 7, 7]
[1, 2, 2, 2, 2]
[7, 7, 8, 8, 8]
[4, 5, 5, 5, 5]
[41, 43, 43, 47, 53]
[1, 1, 1, 1, 1]
[3, 3, 3, 3, 3]
[1, 1, 1, 2, 2]
[1, 1, 1, 1, 1]
[2, 2, 2, 2, 2]
[8, 8, 8, 8, 9]
[1, 1, 1, 1, 1]
[2, 2, 2, 2, 2]
[11, 12, 12, 13, 13]
[1, 1, 1, 1, 1]
[1, 2, 2, 2, 2]
[35, 46, 49, 52, 57]
[21, 22, 28, 30, 34]
[6, 8, 9, 10, 12]
[2, 2, 2, 2, 3]
[3, 3, 4, 4, 5]
[10, 11, 11, 12, 12]
[16, 17, 18, 19, 19]
[9, 10, 10, 10, 10]
[5, 5, 5, 5, 5]
[2, 2, 2, 2, 2]
[1, 1, 1, 2, 2]
[2, 2, 3, 3, 3]
[1, 1, 1, 1, 1]
[15, 15, 15, 15, 16]
[8, 8, 8, 8, 8]
[5, 5, 6, 6, 6]
[3, 3, 5, 5, 5]
[2, 2, 2, 2, 2]
[12, 15, 16, 17, 17]
[2, 2, 3, 3, 3]
[12, 12, 12, 12, 12]
[1, 1, 1, 1, 1]
[9, 10, 10, 10, 10]
[1, 1, 1, 1, 1]
[1, 1, 1, 1, 1]
[2, 3, 4, 4, 8]
[13, 13, 13, 13, 13]
[1, 1, 1, 1, 1]
[3, 3, 3, 4, 4]
[4, 5, 7, 7, 7]
[15, 15, 16, 16, 16]
[15, 17, 22, 23, 24]
[4, 4, 4, 4, 4]
[1, 1, 1, 1, 1]
[10, 12, 12, 13, 14]
[11, 11, 11, 11, 12]
[1, 1, 1, 1, 1]
[1, 1, 1, 1, 1]
[1, 1, 1, 1, 2]
[1, 1, 2, 2, 2]
[3, 4, 4, 4, 5]
[34, 34, 35, 36, 37]
[22, 23, 24, 25, 25]
[12, 15, 16, 17, 17]
[1, 1, 1, 1, 1]
[12, 13, 14, 14, 14]
[1, 1, 3, 3, 3]
[15, 17, 22, 22, 22]
[12, 12, 12, 13, 13]
[6, 6, 8, 8, 9]
[21, 24, 27, 28, 32]
[10, 10, 10, 10, 10]
[1, 1, 1, 1, 1]
[13, 14, 18, 19, 24]
[2, 2, 2, 2, 2]
[45, 53, 61, 72, 83]
[3, 3, 3, 3, 3]
[23, 23, 23, 23, 24]
[11, 11, 11, 12, 12]
[4, 4, 4, 5, 5]
[3, 5, 9, 10, 13]
[7, 7, 7, 7, 8]
[30, 33, 34, 36, 38]
[9, 11, 12, 13, 13]
[25, 27, 27, 27, 28]
[7, 7, 8, 8, 8]
[8, 9, 10, 10, 11]
[18, 18, 19, 19, 20]
[16, 17, 17, 17, 18]
[6, 7, 8, 9, 10]
[9, 12, 12, 12, 12]
[9, 9, 9, 9, 9]
[2, 2, 2, 2, 2]
[16, 16, 16, 18, 18]
[12, 13, 14, 15, 16]
[1, 1, 1, 2, 2]
[9, 11, 11, 11, 11]
[17, 17, 17, 17, 18]
[10, 11, 12, 13, 14]
[24, 24, 25, 25, 25]
[1, 1, 1, 1, 1]
[19, 19, 19, 20, 20]
[15, 15, 15, 15, 15]
[6, 7, 7, 8, 8]
[3, 4, 4, 7, 8]
[70, 104, 145, 190, 241]
[20, 20, 21, 21, 23]
[5, 5, 5, 5, 5]
[15, 15, 15, 15, 15]
[30, 31, 31, 32, 33]
[4, 6, 6, 6, 6]
[11, 11, 11, 11, 11]
[1, 1, 1, 1, 1]
[3, 3, 3, 3, 3]
[2, 2, 2, 2, 2]
[1, 1, 1, 1, 1]
[1, 1, 1, 1, 1]
[3, 3, 4, 6, 6]
[4, 4, 4, 5, 5]
[2, 2, 2, 2, 2]
[26, 26, 26, 28, 28]
[8, 8, 9, 9, 9]
[8, 9, 9, 11, 11]
[2, 3, 4, 4, 4]
[15, 15, 16, 17, 18]
[19, 20, 20, 20, 20]
[2, 2, 2, 2, 2]
[6, 6, 7, 7, 7]
[0, 1, 2, 2, 2]
[10, 10, 12, 13, 13]
[15, 20, 26, 33, 35]
[15, 20, 22, 22, 23]
[2, 2, 2, 2, 2]
[2, 2, 3, 4, 4]
[46, 48, 54, 54, 55]
[39, 46, 52, 54, 56]
[5, 5, 5, 5, 7]
[46, 54, 56, 64, 73]
[12, 12, 12, 12, 13]
[1, 1, 1, 1, 1]
[4, 4, 4, 4, 4]
[17, 17, 19, 26, 29]
[1, 1, 1, 1, 1]
[38, 44, 46, 47, 48]
[1, 1, 1, 1, 1]
[59, 71, 76, 86, 93]
[15, 16, 17, 18, 19]
[8, 8, 9, 9, 9]
[9, 9, 9, 10, 10]
[6, 9, 13, 13, 15]
[30, 35, 40, 45, 52]
[3, 4, 4, 4, 4]
[2, 3, 3, 3, 4]
[6, 9, 11, 14, 15]
[8, 9, 11, 13, 13]
[1, 1, 1, 1, 1]
[6, 6, 7, 8, 9]
[11, 12, 12, 13, 13]
[54, 60, 67, 72, 77]
[1, 1, 1, 1, 1]
[5, 5, 5, 5, 5]
[5, 5, 6, 6, 6]
[7, 7, 7, 7, 8]
[7, 7, 7, 7, 7]
[7, 8, 8, 8, 8]
[8, 8, 8, 10, 11]
[9, 9, 9, 9, 9]
[9, 9, 10, 10, 10]
[13, 14, 15, 16, 17]
[3, 3, 3, 3, 3]
[14, 14, 14, 15, 15]
[2, 3, 3, 3, 3]
[1, 1, 1, 1, 1]
[7, 8, 8, 8, 8]
[1, 1, 2, 2, 2]
[6, 8, 10, 10, 10]
[19, 19, 19, 19, 19]
[1, 1, 1, 1, 1]
[18, 18, 18, 19, 19]
[1, 1, 1, 1, 1]
[13, 15, 17, 17, 17]
[1, 1, 1, 2, 2]
[1, 1, 3, 3, 3]
[9, 9, 10, 10, 10]
[2, 2, 2, 2, 4]
[7, 7, 9, 9, 10]
[3, 3, 3, 3, 3]
[1, 1, 1, 1, 1]
[1, 1, 1, 1, 1]
[23, 24, 25, 27, 28]
[4, 4, 4, 4, 4]
[12, 13, 13, 15, 16]
[13, 15, 20, 23, 24]
[20, 22, 32, 36, 37]
[26, 32, 41, 43, 46]
[8, 8, 8, 8, 8]
[11, 13, 15, 17, 19]
[1, 1, 1, 1, 1]
[6, 6, 6, 6, 6]
[3, 3, 3, 3, 3]
[5, 5, 5, 5, 5]
[9, 9, 9, 9, 11]
[1, 1, 1, 1, 1]
[4, 4, 4, 4, 4]
[17, 17, 18, 19, 20]
[15, 20, 32, 42, 45]
[9, 9, 9, 9, 9]
[3, 3, 3, 3, 3]
[10, 10, 12, 13, 13]
[7, 9, 13, 17, 18]
[2, 2, 2, 2, 2]
[35, 39, 42, 43, 44]
[100, 109, 121, 128, 135]
[2, 2, 2, 3, 3]
[1, 1, 1, 1, 1]
[11, 11, 11, 11, 11]
[25, 26, 27, 29, 31]
[2, 2, 3, 3, 3]
[9, 9, 9, 9, 9]
[1, 1, 1, 1, 1]
[5, 6, 7, 7, 7]
[12, 12, 12, 12, 12]
[14, 14, 16, 18, 19]
[1, 1, 1, 1, 1]
[8, 8, 11, 12, 15]
[16, 18, 18, 19, 20]
[14, 14, 14, 16, 17]
[19, 19, 19, 20, 21]
[7, 8, 8, 8, 8]
[6, 7, 7, 7, 7]
[31, 36, 42, 45, 45]
[16, 16, 16, 16, 17]
[2, 2, 2, 2, 2]
[16, 19, 19, 21, 21]
[21, 23, 25, 28, 29]
[2, 2, 2, 2, 2]
[3, 4, 4, 5, 7]
[6, 6, 7, 7, 7]
[6, 6, 6, 8, 8]
[25, 26, 28, 30, 32]
[1, 1, 1, 1, 2]
[1, 1, 1, 1, 1]
[9, 12, 13, 16, 18]
[20, 20, 21, 21, 21]
[1, 1, 1, 1, 1]
[1, 1, 1, 1, 1]
[1, 1, 1, 1, 1]
[3, 3, 3, 5, 5]
[20, 20, 20, 20, 20]
[23, 23, 25, 25, 25]
[1, 1, 1, 1, 1]
[24, 26, 32, 34, 36]
[1, 1, 1, 1, 1]
[8, 9, 12, 13, 13]
[1, 1, 1, 2, 2]
[1, 5, 7, 7, 8]
[6, 6, 7, 9, 10]
[2, 2, 2, 3, 3]
[4, 5, 5, 5, 5]
[7, 9, 9, 9, 9]
[2, 2, 2, 2, 3]
[2, 2, 2, 2, 2]
[6, 6, 6, 6, 7]
[14, 14, 14, 14, 14]
[4, 4, 4, 5, 5]
[20, 21, 23, 23, 24]
[2, 2, 2, 2, 2]
[1, 1, 1, 1, 1]
[21, 22, 22, 22, 22]
[1, 1, 1, 1, 1]
[32, 34, 34, 36, 42]
[9, 9, 9, 9, 9]
[1, 1, 1, 1, 1]
[2, 4, 5, 5, 7]
[19, 19, 19, 19, 19]
[10, 10, 11, 13, 13]
[5, 6, 6, 6, 7]
[1, 1, 1, 1, 1]
[2, 3, 3, 3, 4]
[11, 11, 11, 11, 12]
[11, 11, 13, 15, 15]
[18, 20, 24, 28, 30]
[11, 15, 18, 22, 27]
[2, 2, 3, 3, 3]
[1, 1, 2, 3, 3]
[16, 16, 16, 17, 17]
[2, 2, 2, 2, 2]
[5, 5, 5, 5, 5]
[1, 1, 1, 1, 1]
[15, 16, 16, 17, 17]
[21, 21, 21, 21, 21]
[61, 74, 81, 89, 92]
[17, 18, 18, 18, 19]
[9, 10, 10, 10, 10]
[6, 7, 7, 10, 12]
[1, 1, 1, 1, 1]
[6, 6, 10, 11, 14]
[13, 14, 14, 14, 14]
[4, 4, 5, 6, 6]
[5, 5, 6, 10, 11]
[27, 30, 31, 31, 32]
[14, 14, 14, 15, 16]
[3, 3, 3, 3, 3]
[4, 5, 5, 5, 5]
[1, 1, 2, 2, 3]
[1, 2, 2, 2, 2]
[1, 1, 1, 1, 1]
[4, 4, 4, 5, 5]
[2, 3, 3, 3, 3]
[20, 23, 25, 29, 33]
[4, 5, 6, 6, 6]
[1, 1, 1, 1, 1]
[24, 24, 24, 24, 24]
[2, 2, 2, 2, 3]
[13, 14, 14, 14, 14]
[15, 16, 17, 21, 22]
[18, 19, 20, 23, 24]
[12, 12, 13, 13, 13]
[1, 1, 1, 1, 1]
[13, 13, 13, 13, 13]
[6, 7, 8, 10, 11]
[2, 2, 2, 2, 2]
[5, 5, 5, 5, 5]
[3, 4, 4, 4, 4]
[1, 1, 1, 1, 1]
[9, 11, 13, 14, 15]
[31, 33, 38, 41, 46]
[2, 2, 2, 3, 3]
[4, 4, 4, 4, 4]
[16, 17, 18, 19, 19]
[1, 1, 1, 1, 1]
[32, 36, 44, 46, 48]
[1, 1, 1, 1, 1]
[7, 7, 7, 7, 7]
[35, 37, 39, 41, 44]
[3, 4, 5, 5, 5]
[4, 4, 4, 4, 4]
[8, 9, 11, 11, 11]
[2, 2, 2, 3, 3]
[43, 46, 48, 49, 51]
[2, 2, 2, 2, 2]
[15, 15, 15, 15, 15]
[1, 1, 1, 1, 1]
[24, 25, 28, 31, 37]
[5, 6, 6, 6, 7]
[40, 41, 44, 46, 48]
[29, 30, 32, 36, 39]
[5, 5, 6, 6, 7]
[49, 49, 49, 49, 49]
[1, 1, 1, 1, 1]
[1, 1, 1, 1, 1]
[1, 1, 1, 1, 1]
[3, 3, 3, 3, 3]
[6, 8, 10, 12, 13]
[2, 2, 2, 2, 2]
[1, 1, 1, 1, 1]
[26, 26, 27, 28, 28]
[8, 8, 8, 8, 8]
[39, 41, 41, 41, 42]
[15, 16, 17, 17, 19]
[4, 5, 5, 5, 5]
[2, 2, 2, 2, 2]
[13, 13, 13, 13, 13]
[5, 5, 5, 5, 9]
[3, 4, 4, 5, 5]
[3, 3, 3, 3, 3]
[2, 2, 2, 2, 2]
[22, 22, 22, 22, 22]
[39, 54, 67, 79, 84]
[41, 44, 48, 50, 50]
[3, 3, 3, 3, 3]
[7, 7, 7, 7, 7]
[1, 1, 1, 1, 1]
[4, 5, 6, 8, 8]
[1, 1, 1, 1, 1]
[48, 54, 60, 67, 68]
[8, 9, 9, 9, 10]
[2, 2, 2, 2, 2]
[6, 6, 6, 6, 6]
[1, 1, 1, 2, 2]
[15, 17, 18, 18, 20]
[1, 2, 2, 2, 2]
[12, 13, 16, 18, 24]
[4, 4, 4, 4, 4]
[1, 1, 1, 1, 1]
[1, 1, 3, 3, 5]
[1, 1, 1, 1, 2]
[6, 6, 6, 6, 6]
[16, 16, 19, 20, 20]
[17, 18, 18, 18, 18]
[1, 1, 1, 1, 1]
[14, 15, 16, 17, 18]
[1, 1, 2, 2, 2]
[9, 11, 11, 11, 11]
[5, 6, 6, 6, 6]
[7, 7, 7, 7, 7]
[2, 3, 3, 3, 3]
[14, 14, 14, 14, 14]
[1, 1, 1, 1, 1]
[5, 6, 6, 6, 7]
[2, 2, 3, 4, 4]
[9, 10, 10, 10, 10]
[17, 18, 21, 23, 25]
[2, 2, 2, 2, 2]
[5, 5, 5, 5, 6]
[7, 7, 7, 7, 8]
[20, 20, 20, 21, 22]
[4, 4, 4, 4, 4]
[31, 32, 32, 32, 32]
[8, 8, 8, 8, 8]
[2, 2, 3, 4, 4]
[13, 14, 14, 14, 14]
[16, 16, 16, 16, 16]
[11, 11, 11, 11, 11]
[13, 13, 17, 20, 20]
[17, 24, 26, 27, 27]
[9, 12, 15, 16, 21]
[5, 7, 10, 10, 11]
[4, 4, 4, 4, 4]
[4, 4, 4, 4, 4]
[24, 29, 30, 34, 36]
[14, 15, 18, 19, 20]
[1, 1, 1, 1, 1]
[1, 1, 1, 1, 1]
[16, 16, 16, 16, 16]
[8, 9, 10, 11, 11]
[4, 4, 4, 6, 7]
[1, 1, 1, 1, 1]
[7, 8, 10, 10, 11]
[1, 1, 1, 1, 1]
[29, 30, 39, 42, 43]
[1, 2, 2, 2, 2]
[17, 17, 17, 18, 18]
[8, 10, 10, 12, 13]
[1, 1, 1, 1, 1]
[9, 9, 9, 9, 9]
[13, 13, 16, 16, 18]
[3, 3, 3, 4, 4]
[3, 3, 3, 3, 3]
[25, 26, 26, 30, 32]
[8, 9, 11, 12, 13]
[13, 14, 14, 15, 15]
[5, 6, 6, 8, 8]
[3, 3, 3, 3, 3]
[14, 15, 18, 20, 21]
[7, 7, 7, 7, 8]
[1, 1, 1, 1, 1]
[30, 31, 31, 31, 31]
[9, 11, 11, 12, 14]
[12, 12, 12, 12, 12]
[10, 10, 10, 10, 10]
[1, 1, 2, 2, 2]
[12, 15, 17, 17, 21]
[4, 5, 6, 6, 6]
[7, 7, 7, 7, 7]
[34, 38, 40, 43, 45]
[1, 1, 1, 2, 2]
[10, 10, 12, 13, 14]
[9, 11, 11, 11, 12]
[4, 4, 4, 4, 4]
[5, 5, 5, 5, 5]
[2, 2, 2, 2, 3]
[2, 2, 2, 2, 2]
[14, 16, 19, 19, 21]
[28, 29, 30, 31, 32]
[4, 4, 4, 4, 4]
[1, 1, 1, 1, 1]
[2, 3, 5, 5, 5]
[3, 4, 5, 7, 7]
[11, 13, 14, 16, 18]
[1, 1, 1, 1, 1]
[2, 2, 2, 2, 2]
[10, 11, 13, 13, 15]
[3, 3, 3, 3, 3]
[25, 28, 33, 34, 35]
[2, 2, 2, 2, 2]
[5, 7, 9, 12, 16]
[22, 23, 23, 23, 23]
[11, 12, 13, 13, 13]
[16, 18, 19, 21, 21]
[11, 11, 11, 12, 12]
[2, 2, 2, 2, 2]
[11, 13, 17, 21, 22]
[6, 6, 8, 9, 12]
[1, 1, 1, 1, 1]
[2, 2, 2, 2, 2]
[2, 2, 2, 2, 2]
[8, 14, 23, 27, 33]
[2, 2, 2, 2, 2]
[3, 4, 4, 4, 5]
[37, 41, 46, 46, 51]
[2, 2, 2, 2, 2]
[17, 18, 18, 18, 18]
[19, 21, 23, 25, 27]
[2, 2, 2, 2, 2]
[14, 14, 14, 14, 14]
[7, 8, 10, 10, 10]
[7, 8, 9, 9, 9]
[3, 3, 3, 4, 6]
[12, 12, 12, 12, 12]
[1, 1, 1, 1, 1]
[2, 3, 4, 6, 6]
[2, 2, 2, 2, 2]
[13, 17, 31, 40, 52]
[17, 17, 18, 19, 20]
[15, 15, 15, 15, 15]
[4, 4, 4, 4, 5]
[2, 2, 2, 2, 2]
[1, 1, 1, 1, 2]
[1, 1, 1, 1, 1]
[6, 7, 7, 7, 8]
[8, 9, 10, 11, 11]
[2, 2, 2, 2, 2]
[2, 2, 2, 2, 2]
[5, 5, 5, 5, 5]
[22, 22, 22, 22, 22]
[10, 10, 11, 12, 12]
[1, 1, 1, 1, 1]
[2, 2, 2, 4, 4]
[11, 13, 18, 18, 21]
[10, 10, 10, 10, 10]
[1, 1, 1, 1, 1]
[10, 10, 13, 13, 13]
[20, 21, 23, 25, 28]
[19, 22, 24, 26, 28]
[1, 1, 1, 1, 1]
[1, 1, 1, 1, 1]
[11, 12, 13, 14, 16]
[1, 1, 1, 1, 1]
[3, 3, 3, 4, 6]
[4, 7, 8, 10, 12]
[8, 8, 10, 10, 11]
[2, 2, 2, 2, 2]
[13, 13, 13, 13, 13]
[1, 2, 2, 3, 3]
[2, 2, 2, 2, 2]
[1, 1, 1, 1, 1]
[1, 1, 1, 1, 1]
[1, 1, 1, 1, 1]
[23, 25, 26, 27, 27]
[29, 30, 30, 30, 30]
[9, 9, 11, 12, 13]
[5, 6, 6, 6, 6]
[15, 17, 17, 17, 17]
[4, 4, 4, 4, 4]
[10, 11, 14, 14, 14]
[14, 15, 16, 17, 17]
[28, 28, 28, 28, 28]
[8, 10, 10, 10, 10]
[7, 7, 8, 9, 9]
[19, 19, 19, 19, 19]
[31, 31, 31, 32, 32]
[6, 6, 6, 6, 6]
[5, 7, 7, 8, 8]
[4, 4, 4, 5, 5]
[1, 1, 1, 1, 1]
[1, 1, 1, 1, 1]
[12, 12, 12, 12, 12]
[1, 1, 2, 2, 2]
[14, 14, 14, 14, 14]
[3, 4, 4, 4, 4]
[3, 3, 3, 3, 3]
[1, 1, 2, 2, 3]
[100, 120, 131, 150, 164]
[14, 17, 19, 22, 24]
[1, 1, 1, 1, 1]
[9, 9, 9, 9, 9]
[8, 9, 9, 9, 9]
[19, 20, 20, 20, 20]
[3, 3, 3, 4, 4]
[7, 7, 7, 7, 7]
[2, 2, 4, 4, 4]
[3, 4, 4, 4, 4]
[3, 4, 4, 4, 4]
[2, 2, 2, 3, 4]
[9, 10, 12, 16, 17]
[4, 4, 6, 7, 8]
[20, 21, 22, 23, 23]
[2, 2, 3, 3, 4]
[3, 3, 3, 3, 3]
[1, 1, 1, 1, 2]
[14, 15, 15, 16, 17]
[36, 36, 36, 36, 36]
[9, 10, 12, 14, 16]
[25, 26, 27, 28, 29]
[1, 1, 2, 2, 2]
[14, 15, 15, 16, 18]
[5, 5, 7, 7, 7]
[3, 3, 3, 3, 3]
[6, 6, 6, 6, 6]
[6, 6, 6, 6, 7]
[8, 8, 9, 10, 11]
[8, 10, 10, 10, 10]
[2, 2, 2, 2, 2]
[3, 3, 3, 3, 3]
[15, 16, 16, 16, 16]
[44, 45, 48, 52, 56]
[2, 2, 3, 3, 3]
[17, 18, 18, 18, 18]
[17, 19, 20, 22, 24]
[3, 3, 3, 3, 4]
[8, 8, 9, 10, 10]
[11, 12, 15, 15, 18]
[1, 1, 1, 1, 1]
[5, 6, 6, 6, 6]
[18, 20, 22, 23, 23]
[8, 8, 8, 8, 8]
[7, 7, 7, 7, 7]
[13, 13, 14, 15, 15]
[19, 26, 31, 34, 36]
[13, 13, 13, 13, 13]
[25, 26, 28, 28, 29]
[14, 14, 14, 14, 14]
[27, 30, 31, 33, 33]
[5, 5, 5, 5, 5]
[31, 33, 35, 36, 41]
[4, 6, 8, 10, 10]
[31, 32, 34, 38, 40]
[9, 16, 20, 22, 24]
[3, 3, 3, 3, 3]
[28, 28, 29, 29, 29]
[20, 23, 25, 27, 29]
[2, 2, 2, 2, 2]
[12, 16, 18, 18, 18]
[1, 1, 1, 1, 1]
[2, 2, 2, 2, 2]
[1, 1, 1, 1, 2]
[16, 16, 17, 17, 17]
[2, 2, 2, 2, 2]
[29, 29, 30, 31, 31]
[6, 6, 7, 7, 8]
[1, 1, 1, 1, 1]
[2, 2, 2, 2, 2]
[16, 17, 17, 20, 22]
[8, 8, 9, 9, 11]
[2, 3, 5, 5, 5]
[5, 5, 5, 5, 5]
[4, 4, 4, 5, 8]
[2, 3, 3, 4, 4]
[15, 16, 17, 17, 17]
[1, 3, 4, 4, 4]
[12, 12, 12, 12, 12]
[8, 8, 10, 10, 10]
[17, 17, 18, 19, 21]
[9, 11, 12, 13, 14]
[1, 2, 2, 2, 2]
[9, 9, 9, 9, 9]
[1, 1, 1, 1, 1]
[2, 2, 2, 2, 2]
[11, 13, 13, 14, 17]
[15, 19, 22, 26, 34]
[4, 4, 5, 5, 6]
[32, 34, 35, 36, 36]
[26, 29, 29, 29, 29]
[15, 15, 16, 16, 16]
[1, 1, 1, 1, 1]
[36, 37, 37, 38, 40]
[16, 16, 16, 16, 16]
[5, 5, 5, 5, 5]
[22, 22, 22, 22, 22]
[13, 15, 18, 22, 23]
[19, 20, 24, 26, 28]
[16, 16, 16, 16, 16]
[5, 5, 6, 6, 6]
[1, 1, 1, 1, 1]
[5, 5, 5, 5, 5]
[4, 4, 5, 9, 9]
[1, 1, 3, 3, 3]
[5, 7, 7, 7, 7]
[6, 7, 9, 9, 9]
[3, 3, 3, 3, 3]
[48, 58, 64, 66, 71]
[15, 15, 16, 16, 16]
[3, 3, 4, 6, 6]
[11, 13, 14, 14, 15]
[1, 1, 1, 1, 1]
[31, 31, 31, 31, 31]
[6, 9, 9, 9, 9]
[3, 3, 3, 3, 3]
[13, 13, 13, 18, 22]
[4, 5, 5, 6, 6]
[4, 4, 4, 4, 4]
[6, 7, 7, 7, 7]
[16, 16, 16, 16, 18]
[3, 3, 4, 4, 4]
[47, 49, 50, 50, 50]
[11, 13, 15, 15, 15]
[1, 1, 1, 1, 1]
[13, 13, 13, 13, 13]
[2, 2, 2, 2, 2]
[4, 4, 4, 4, 4]
[23, 25, 26, 28, 31]
[3, 4, 4, 4, 4]
[2, 3, 3, 3, 3]
[27, 29, 31, 31, 31]
[19, 19, 19, 20, 21]
[24, 30, 33, 39, 44]
[1, 2, 2, 2, 2]
[1, 1, 1, 1, 2]
[8, 8, 8, 8, 8]
[1, 1, 1, 1, 1]
[25, 26, 27, 29, 29]
[10, 14, 17, 21, 22]
[12, 12, 12, 12, 12]
[5, 6, 6, 6, 6]
[6, 6, 6, 6, 6]
[1, 1, 1, 1, 1]
[18, 20, 23, 24, 24]
[7, 7, 7, 8, 8]
[2, 2, 3, 4, 5]
[21, 21, 22, 22, 22]
[5, 5, 5, 5, 5]
[8, 8, 8, 8, 8]
[4, 4, 4, 6, 6]
[2, 3, 3, 3, 3]
[28, 28, 28, 28, 28]
[1, 1, 2, 2, 3]
[10, 11, 11, 11, 12]
[3, 4, 7, 10, 11]
[12, 12, 12, 12, 12]
[3, 3, 4, 7, 9]
[1, 1, 1, 1, 1]
[2, 2, 2, 2, 2]
[2, 2, 2, 2, 2]
[21, 22, 22, 23, 23]
[5, 5, 5, 5, 5]
[37, 42, 45, 46, 48]
[5, 6, 10, 11, 13]
[1, 1, 1, 1, 1]
[21, 21, 22, 22, 22]
[2, 2, 2, 2, 2]
[6, 7, 7, 7, 7]
[6, 6, 6, 6, 6]
[1, 1, 1, 1, 2]
[1, 1, 1, 1, 1]
[1, 1, 1, 2, 2]
[3, 3, 3, 3, 3]
[4, 4, 4, 4, 4]
[8, 9, 12, 14, 15]
[1, 1, 1, 1, 1]
[23, 36, 45, 57, 66]
[18, 20, 25, 26, 27]
[22, 23, 25, 26, 29]
[21, 21, 21, 21, 21]
[23, 23, 23, 23, 23]
[8, 9, 9, 9, 9]
[30, 30, 31, 31, 32]
[2, 2, 2, 2, 2]
[33, 40, 43, 44, 45]
[20, 21, 21, 21, 21]
[1, 1, 1, 1, 1]
[3, 3, 4, 4, 4]
[12, 18, 21, 25, 32]
[8, 9, 10, 10, 10]
[1, 1, 2, 2, 2]
[8, 8, 10, 11, 11]
[14, 17, 19, 21, 22]
[22, 23, 23, 23, 23]
[3, 3, 4, 5, 5]
[1, 1, 1, 1, 1]
[2, 2, 2, 2, 2]
[1, 1, 1, 1, 1]
[28, 30, 32, 34, 34]
[1, 1, 1, 1, 1]
[6, 6, 6, 8, 10]
[6, 6, 6, 8, 8]
[1, 1, 1, 1, 1]
[8, 9, 10, 13, 13]
[1, 1, 1, 1, 1]
[13, 13, 15, 16, 18]
[4, 4, 4, 4, 4]
[2, 4, 4, 4, 4]
[2, 2, 2, 2, 2]
[53, 54, 54, 56, 56]
[1, 1, 1, 1, 1]
[20, 22, 26, 27, 29]
[4, 5, 5, 7, 8]
[3, 3, 3, 4, 4]
[1, 1, 1, 1, 2]
[4, 5, 5, 5, 6]
[10, 11, 12, 12, 13]
[2, 2, 2, 2, 3]
[16, 16, 16, 16, 17]
[24, 25, 26, 28, 30]
[38, 42, 49, 51, 54]
[8, 8, 8, 8, 8]
[2, 2, 2, 2, 2]
[11, 12, 14, 14, 14]
[27, 27, 28, 28, 29]
[1, 1, 1, 1, 1]
[1, 1, 1, 1, 1]
[5, 5, 5, 5, 5]
[2, 2, 3, 3, 3]
[3, 4, 4, 4, 4]
[25, 29, 35, 40, 47]
[19, 20, 23, 24, 27]
[3, 3, 4, 5, 5]
[17, 20, 23, 24, 25]
[2, 3, 4, 4, 4]
[8, 10, 11, 11, 12]
[48, 48, 48, 48, 49]
[4, 4, 4, 4, 4]
[8, 8, 8, 8, 8]
[10, 11, 11, 11, 11]
[1, 1, 1, 1, 1]
[1, 1, 1, 1, 1]
[24, 29, 31, 34, 38]
[2, 2, 2, 2, 2]
[1, 1, 1, 2, 2]
[5, 6, 6, 7, 8]
[15, 15, 15, 15, 15]
[10, 12, 14, 15, 18]
[1, 1, 1, 1, 1]
[15, 15, 16, 16, 17]
[1, 1, 1, 1, 1]
[4, 4, 5, 5, 6]
[2, 2, 2, 2, 2]
[1, 1, 1, 1, 1]
[4, 6, 6, 6, 6]
[1, 1, 1, 1, 1]
[2, 2, 2, 2, 2]
[20, 21, 25, 27, 28]
[25, 28, 29, 30, 33]
[11, 13, 14, 14, 16]
[19, 19, 21, 22, 22]
[10, 10, 10, 10, 10]
[5, 6, 6, 6, 6]
[9, 10, 11, 12, 12]
[2, 2, 2, 2, 2]
[1, 1, 1, 1, 1]
[2, 2, 2, 4, 4]
[6, 6, 7, 7, 7]
[2, 2, 2, 2, 2]
[26, 26, 26, 26, 26]
[16, 16, 16, 18, 20]
[1, 2, 2, 2, 2]
[27, 28, 28, 28, 29]
[2, 2, 2, 2, 2]
[23, 25, 28, 30, 34]
[2, 2, 2, 2, 2]
[3, 3, 3, 3, 3]
[17, 17, 17, 17, 17]
[1, 1, 1, 1, 1]
[6, 6, 6, 6, 6]
[3, 3, 4, 5, 5]
[21, 26, 30, 39, 49]
[1, 1, 1, 1, 1]
[2, 3, 3, 3, 4]
[22, 24, 25, 26, 26]
[14, 17, 22, 30, 43]
[8, 11, 13, 15, 16]
[6, 7, 7, 8, 10]
[8, 8, 8, 8, 8]
[17, 20, 22, 22, 23]
[1, 1, 1, 1, 1]
[1, 1, 1, 1, 1]
[2, 2, 2, 2, 2]
[1, 1, 1, 2, 2]
[2, 2, 2, 2, 2]
[2, 2, 2, 2, 2]
[9, 9, 9, 9, 9]
[2, 2, 2, 2, 3]
[25, 25, 25, 25, 25]
[11, 11, 11, 11, 11]
[5, 5, 5, 5, 5]
[5, 6, 7, 7, 8]
[14, 14, 14, 14, 14]
[1, 1, 1, 1, 1]
[6, 6, 7, 7, 7]
[1, 1, 1, 1, 1]
[21, 22, 22, 25, 29]
[16, 19, 21, 21, 21]
[1, 1, 1, 1, 1]
[14, 14, 14, 14, 14]
[14, 16, 16, 16, 16]
[13, 15, 18, 19, 19]
[5, 5, 6, 6, 6]
[42, 45, 47, 50, 52]
[1, 1, 1, 1, 1]
[8, 9, 10, 11, 11]
[14, 14, 15, 15, 16]
[4, 5, 5, 5, 5]
[17, 18, 19, 19, 21]
[9, 9, 9, 9, 9]
[2, 2, 2, 2, 2]
[1, 1, 1, 1, 1]
[1, 2, 2, 2, 2]
[4, 4, 6, 6, 6]
[2, 2, 2, 2, 2]
[3, 3, 3, 3, 3]
[2, 2, 3, 3, 4]
[1, 1, 1, 1, 1]
[16, 19, 20, 22, 24]
[1, 1, 1, 1, 1]
[4, 5, 8, 9, 9]
[9, 11, 15, 18, 22]
[1, 1, 1, 1, 1]
[2, 2, 2, 2, 2]
[12, 12, 12, 12, 12]
[1, 1, 1, 1, 1]
[3, 3, 3, 3, 3]
[1, 1, 1, 1, 1]
[15, 15, 15, 15, 16]
[6, 6, 7, 8, 8]
[1, 1, 1, 1, 1]
[18, 18, 18, 20, 21]
[1, 2, 2, 2, 2]
[4, 4, 4, 4, 4]
[7, 7, 8, 8, 8]
[22, 24, 25, 25, 27]
[1, 1, 2, 2, 2]
[1, 1, 3, 4, 4]
[4, 4, 4, 4, 4]
[14, 14, 16, 16, 17]
[3, 4, 4, 4, 4]
[12, 13, 14, 18, 19]
[4, 5, 6, 6, 6]
[20, 24, 29, 33, 36]
[25, 32, 39, 42, 45]
[11, 13, 13, 15, 16]
[5, 5, 5, 5, 5]
[3, 3, 3, 3, 3]
[5, 6, 8, 9, 10]
[8, 11, 15, 16, 17]
[9, 10, 10, 12, 15]
[3, 3, 3, 5, 5]
[2, 2, 2, 2, 3]
[1, 1, 1, 1, 2]
[12, 15, 20, 21, 22]
[2, 3, 4, 5, 5]
[5, 6, 6, 6, 7]
[3, 3, 3, 3, 3]
[4, 4, 4, 4, 4]
[17, 20, 21, 22, 24]
[21, 24, 27, 28, 29]
[2, 2, 2, 2, 2]
[12, 12, 14, 14, 14]
[1, 1, 1, 1, 1]
[6, 7, 7, 8, 10]
[2, 2, 2, 2, 2]
[15, 16, 16, 19, 20]
[1, 1, 1, 2, 2]
[35, 37, 39, 39, 39]
[0, 0, 0, 0, 1]
[1, 1, 1, 1, 1]
[1, 1, 1, 1, 1]
[2, 2, 2, 2, 2]
[1, 1, 1, 1, 1]
[7, 7, 7, 7, 7]
[1, 1, 1, 1, 1]
[13, 13, 13, 13, 13]
[2, 2, 2, 2, 2]
[8, 9, 9, 9, 9]
[1, 1, 1, 1, 1]
[6, 7, 7, 7, 7]
[4, 5, 8, 9, 12]
[8, 8, 9, 9, 9]
[3, 3, 3, 3, 3]
[21, 25, 26, 27, 30]
[2, 2, 2, 2, 2]
[2, 2, 2, 2, 2]
[14, 14, 15, 16, 17]
[1, 1, 1, 1, 1]
[27, 36, 37, 38, 40]
[1, 1, 1, 1, 1]
[14, 16, 16, 16, 17]
[10, 13, 13, 15, 15]
[1, 1, 1, 1, 1]
[12, 16, 19, 20, 20]
[5, 5, 5, 6, 6]
[2, 2, 2, 2, 2]
[8, 14, 29, 40, 56]
[7, 7, 7, 7, 7]
[8, 9, 11, 12, 12]
[3, 3, 5, 6, 6]
[1, 1, 1, 1, 1]
[15, 15, 15, 16, 16]
[9, 10, 11, 12, 13]
[1, 1, 2, 2, 2]
[7, 8, 8, 9, 9]
[20, 24, 27, 29, 29]
[1, 1, 1, 1, 1]
[5, 6, 6, 6, 6]
[1, 1, 1, 1, 1]
[9, 16, 17, 17, 17]
[5, 5, 5, 5, 5]
[2, 2, 2, 2, 2]
[37, 53, 69, 82, 105]
[11, 12, 12, 12, 14]
[1, 1, 1, 1, 1]
[2, 2, 2, 2, 4]
[2, 2, 2, 2, 2]
[12, 13, 18, 18, 19]
[2, 2, 2, 2, 2]
[20, 20, 24, 25, 25]
[1, 1, 1, 1, 1]
[1, 1, 1, 1, 1]
[10, 11, 11, 11, 11]
[10, 11, 11, 11, 11]
[34, 40, 41, 45, 48]
[1, 1, 1, 1, 1]
[2, 2, 3, 3, 3]
[8, 11, 13, 15, 15]
[11, 13, 14, 14, 15]
[11, 11, 11, 11, 11]
[1, 1, 1, 1, 2]
[33, 33, 33, 33, 33]
[2, 2, 2, 2, 2]
[2, 2, 2, 2, 2]
[2, 2, 2, 2, 3]
[32, 35, 38, 43, 49]
[23, 23, 25, 25, 25]
[2, 2, 2, 3, 4]
[8, 12, 19, 24, 33]
[1, 1, 1, 1, 1]
[9, 9, 9, 9, 9]
[3, 5, 5, 6, 6]
[16, 17, 17, 18, 19]
[12, 12, 12, 12, 12]
[47, 51, 57, 62, 66]
[19, 19, 19, 19, 19]
[5, 5, 6, 7, 9]
[1, 1, 1, 1, 1]
[17, 20, 23, 25, 27]
[12, 13, 13, 15, 15]
[8, 8, 8, 8, 8]
[39, 69, 79, 85, 86]
[29, 33, 36, 39, 40]
[2, 2, 2, 2, 2]
[6, 6, 7, 7, 7]
[4, 6, 8, 9, 9]
[25, 26, 26, 28, 28]
[6, 8, 9, 9, 9]
[5, 5, 6, 6, 6]
[39, 39, 47, 48, 51]
[1, 1, 1, 1, 1]
[18, 29, 39, 41, 43]
[4, 4, 4, 4, 4]
[17, 18, 25, 26, 28]
[10, 10, 11, 11, 11]
[8, 8, 8, 8, 8]
[1, 1, 1, 1, 1]
[1, 1, 1, 1, 1]
[1, 1, 1, 1, 1]
[7, 7, 8, 8, 8]
[8, 8, 8, 8, 8]
[2, 2, 3, 3, 3]
[29, 37, 40, 47, 53]
[11, 13, 16, 18, 18]
[11, 12, 12, 14, 17]
[14, 17, 18, 19, 19]
[5, 8, 9, 10, 11]
[28, 30, 33, 35, 35]
[18, 18, 18, 18, 19]
[4, 7, 7, 7, 8]
[16, 16, 16, 16, 16]
[19, 20, 21, 21, 21]
[2, 2, 3, 3, 3]
[8, 9, 9, 9, 9]
[1, 1, 1, 2, 2]
[2, 2, 3, 3, 3]
[10, 11, 11, 11, 11]
[3, 3, 3, 3, 3]
[31, 32, 33, 34, 35]
[23, 24, 24, 24, 24]
[20, 21, 21, 21, 24]
[25, 26, 26, 26, 28]
[2, 2, 3, 3, 3]
[20, 20, 20, 20, 20]
[3, 4, 4, 4, 4]
[10, 11, 11, 11, 11]
[7, 7, 7, 7, 7]
[26, 26, 26, 27, 28]
[1, 1, 1, 1, 1]
[5, 5, 5, 5, 5]
[24, 24, 25, 25, 25]
[3, 3, 3, 3, 3]
[1, 1, 1, 1, 1]
[1, 1, 1, 1, 1]
[11, 11, 11, 11, 11]
[23, 24, 31, 35, 36]
[9, 10, 10, 11, 11]
[4, 4, 4, 4, 6]
[7, 7, 7, 9, 11]
[7, 7, 7, 7, 7]
[1, 1, 1, 1, 1]
[11, 11, 12, 12, 12]
[2, 2, 3, 4, 4]
[3, 3, 4, 4, 5]
[3, 3, 3, 3, 3]
[1, 1, 1, 2, 2]
[33, 33, 33, 33, 33]
[2, 2, 2, 2, 2]
[31, 32, 32, 32, 34]
[1, 1, 1, 1, 1]
[2, 2, 3, 3, 3]
[1, 1, 1, 1, 1]
[10, 14, 16, 17, 18]
[2, 2, 3, 3, 4]
[11, 12, 12, 12, 12]
[7, 10, 11, 11, 13]
[10, 13, 13, 13, 14]
[22, 23, 24, 24, 24]
[1, 2, 2, 2, 2]
[1, 1, 1, 1, 1]
[1, 1, 1, 1, 1]
[5, 7, 9, 9, 11]
[19, 20, 21, 22, 23]
[2, 2, 2, 2, 2]
[9, 9, 9, 9, 9]
[10, 10, 10, 11, 11]
[2, 2, 2, 2, 2]
[5, 5, 5, 5, 6]
[1, 2, 2, 2, 2]
[8, 8, 10, 11, 12]
[8, 8, 8, 8, 8]
[1, 1, 1, 1, 1]
[4, 4, 4, 4, 4]
[3, 3, 3, 3, 4]
[2, 3, 3, 3, 3]
[20, 24, 28, 31, 33]
[10, 10, 10, 10, 10]
[7, 8, 8, 8, 9]
[1, 1, 1, 1, 1]
[17, 17, 18, 18, 18]
[29, 29, 29, 29, 29]
[9, 9, 9, 9, 9]
[17, 20, 23, 25, 26]
[10, 10, 12, 17, 19]
[1, 1, 1, 1, 1]
[2, 2, 2, 2, 2]
[8, 8, 9, 11, 14]
[1, 1, 1, 1, 1]
[1, 1, 1, 1, 1]
[1, 1, 1, 1, 1]
[1, 1, 1, 1, 1]
[6, 7, 11, 13, 15]
[39, 42, 43, 44, 44]
[1, 1, 1, 1, 1]
[3, 3, 3, 3, 3]
[10, 10, 10, 10, 10]
[1, 1, 1, 1, 2]
[32, 32, 34, 34, 34]
[8, 9, 11, 11, 11]
[1, 1, 1, 1, 1]
[18, 18, 18, 19, 19]
[2, 2, 3, 3, 3]
[14, 16, 16, 17, 18]
[1, 1, 1, 1, 1]
[24, 29, 34, 37, 39]
[5, 5, 7, 7, 8]
[14, 14, 14, 14, 14]
[17, 19, 20, 22, 26]
[1, 1, 1, 1, 1]
[12, 12, 13, 14, 14]
[8, 9, 10, 10, 10]
[1, 1, 1, 1, 1]
[9, 9, 10, 10, 10]
[9, 9, 9, 9, 9]
[2, 2, 2, 2, 2]
[7, 8, 9, 10, 10]
[1, 2, 2, 2, 3]
[10, 10, 10, 10, 10]
[1, 1, 1, 1, 1]
[1, 1, 1, 1, 1]
[6, 6, 6, 6, 6]
[13, 14, 17, 20, 20]
[19, 19, 19, 19, 19]
[9, 15, 17, 19, 23]
[115, 139, 168, 192, 231]
[24, 26, 28, 28, 28]
[9, 9, 9, 10, 11]
[14, 17, 22, 24, 26]
[24, 24, 25, 26, 26]
[2, 3, 3, 4, 4]
[4, 4, 4, 4, 4]
[4, 5, 6, 6, 7]
[13, 15, 15, 15, 15]
[4, 4, 4, 4, 4]
[7, 7, 7, 7, 7]
[16, 16, 16, 16, 16]
[6, 8, 11, 13, 16]
[1, 1, 1, 1, 1]
[116, 129, 147, 158, 178]
[2, 2, 2, 3, 3]
[21, 21, 21, 21, 21]
[29, 33, 37, 43, 56]
[3, 5, 6, 8, 8]
[8, 8, 8, 8, 8]
[24, 26, 26, 26, 27]
[20, 20, 20, 20, 20]
[1, 1, 1, 1, 1]
[18, 22, 26, 32, 40]
[16, 19, 19, 20, 20]
[8, 8, 8, 8, 8]
[15, 16, 16, 16, 16]
[6, 6, 6, 6, 6]
[4, 4, 4, 4, 4]
[30, 33, 35, 37, 38]
[1, 1, 1, 1, 1]
[12, 12, 12, 12, 12]
[1, 1, 1, 1, 1]
[9, 10, 10, 10, 12]
[1, 1, 1, 1, 1]
[47, 47, 48, 48, 48]
[1, 1, 2, 3, 3]
[8, 10, 13, 15, 15]
[32, 36, 38, 39, 41]
[1, 1, 1, 1, 1]
[6, 6, 6, 7, 8]
[2, 2, 2, 2, 2]
[4, 4, 4, 4, 4]
[19, 20, 21, 22, 22]
[1, 1, 1, 1, 1]
[50, 61, 72, 80, 85]
[1, 1, 1, 1, 1]
[6, 7, 8, 9, 9]
[2, 3, 4, 4, 5]
[2, 2, 2, 2, 2]
[38, 39, 39, 40, 40]
[3, 3, 5, 5, 6]
[9, 9, 9, 9, 9]
[3, 3, 4, 4, 4]
[28, 30, 36, 37, 43]
[7, 8, 8, 8, 9]
[1, 1, 2, 2, 2]
[15, 21, 25, 31, 36]
[1, 1, 1, 1, 1]
[12, 13, 14, 14, 14]
[3, 3, 3, 3, 3]
[7, 7, 7, 9, 9]
[1, 1, 1, 1, 1]
[1, 1, 1, 1, 1]
[3, 3, 3, 3, 3]
[3, 3, 3, 3, 3]
[2, 2, 2, 2, 3]
[6, 8, 8, 9, 9]
[63, 72, 77, 81, 87]
[1, 1, 1, 1, 1]
[6, 6, 6, 6, 6]
[10, 11, 11, 11, 11]
[6, 6, 6, 6, 6]
[9, 9, 10, 10, 10]
[5, 5, 5, 5, 5]
[3, 3, 3, 3, 3]
[7, 8, 11, 11, 11]
[15, 15, 15, 15, 15]
[9, 9, 9, 10, 10]
[1, 1, 1, 1, 1]
[1, 2, 2, 2, 2]
[21, 29, 34, 38, 40]
[16, 16, 16, 16, 16]
[2, 2, 2, 2, 2]
[2, 2, 2, 2, 2]
[29, 34, 40, 44, 53]
[10, 11, 12, 13, 14]
[1, 2, 2, 2, 2]
[1, 1, 1, 1, 1]
[8, 8, 8, 8, 8]
[18, 22, 24, 27, 28]
[1, 1, 1, 1, 1]
[5, 5, 5, 5, 5]
[1, 1, 1, 1, 1]
[1, 1, 1, 1, 1]
[6, 8, 9, 10, 12]
[2, 2, 2, 2, 2]
[1, 4, 5, 6, 6]
[20, 20, 22, 22, 26]
[17, 19, 23, 25, 25]
[22, 22, 22, 22, 22]
[11, 11, 11, 11, 11]
[2, 2, 2, 2, 2]
[12, 14, 14, 14, 15]
[2, 2, 2, 2, 2]
[2, 2, 2, 2, 2]
[13, 13, 13, 13, 13]
[11, 12, 12, 13, 13]
[3, 6, 6, 6, 6]
[6, 8, 9, 9, 9]
[2, 2, 2, 2, 3]
[11, 11, 13, 15, 15]
[29, 31, 33, 34, 36]
[2, 2, 2, 2, 2]
[17, 19, 21, 21, 24]
[7, 7, 7, 7, 7]
[13, 13, 13, 13, 13]
[3, 3, 5, 5, 6]
[1, 1, 1, 1, 1]
[18, 19, 20, 20, 20]
[7, 8, 9, 11, 12]
[1, 3, 3, 3, 3]
[25, 25, 25, 25, 25]
[25, 25, 25, 25, 27]
[22, 28, 34, 37, 40]
[4, 4, 4, 4, 5]
[2, 2, 2, 2, 2]
[3, 4, 4, 4, 5]
[7, 7, 8, 9, 10]
[1, 1, 1, 1, 1]
[1, 1, 1, 2, 2]
[12, 13, 14, 17, 18]
[1, 1, 1, 2, 2]
[9, 10, 10, 11, 11]
[4, 7, 10, 11, 11]
[2, 2, 2, 2, 2]
[5, 5, 5, 5, 5]
[23, 26, 28, 33, 37]
[11, 12, 12, 13, 13]
[5, 5, 5, 5, 5]
[1, 2, 2, 2, 2]
[9, 9, 9, 9, 9]
[85, 94, 103, 107, 114]
[13, 13, 15, 16, 18]
[14, 15, 15, 15, 16]
[1, 1, 1, 1, 1]
[1, 1, 1, 1, 1]
[18, 19, 19, 20, 20]
[6, 6, 6, 6, 6]
[1, 1, 1, 1, 1]
[10, 15, 17, 22, 22]
[2, 2, 2, 2, 2]
[9, 10, 12, 16, 16]
[2, 2, 3, 3, 3]
[15, 15, 15, 15, 15]
[15, 18, 20, 21, 21]
[9, 9, 9, 11, 11]
[6, 7, 8, 10, 10]
[17, 21, 23, 27, 30]
[14, 14, 14, 14, 14]
[126, 141, 155, 168, 188]
[12, 12, 13, 13, 13]
[8, 8, 8, 8, 8]
[2, 2, 2, 2, 3]
[8, 8, 9, 9, 9]
[1, 1, 1, 1, 1]
[0, 0, 1, 3, 4]
[6, 6, 6, 6, 6]
[5, 5, 5, 5, 5]
[1, 1, 1, 1, 1]
[1, 1, 1, 1, 1]
[3, 3, 3, 4, 5]
[1, 1, 1, 1, 1]
[3, 3, 3, 3, 3]
[13, 16, 17, 20, 20]
[6, 6, 6, 6, 7]
[2, 2, 2, 2, 2]
[22, 23, 24, 24, 24]
[3, 3, 3, 3, 3]
[20, 21, 22, 24, 24]
[28, 33, 41, 44, 50]
[3, 3, 3, 4, 4]
[20, 22, 25, 26, 31]
[1, 1, 1, 1, 1]
[1, 1, 1, 1, 1]
[15, 20, 27, 36, 40]
[2, 2, 2, 2, 2]
[18, 18, 18, 19, 19]
[24, 25, 27, 27, 27]
[9, 9, 10, 10, 10]
[14, 14, 14, 14, 14]
[27, 39, 41, 43, 45]
[15, 15, 15, 15, 15]
[1, 1, 1, 1, 1]
[31, 40, 43, 47, 51]
[5, 5, 5, 5, 5]
[10, 11, 13, 14, 15]
[12, 12, 12, 12, 12]
[3, 3, 3, 3, 3]
[5, 5, 5, 5, 5]
[20, 20, 20, 21, 21]
[14, 14, 14, 16, 16]
[5, 5, 5, 5, 5]
[22, 24, 29, 29, 32]
[14, 16, 16, 16, 16]
[20, 20, 20, 20, 20]
[6, 6, 6, 6, 6]
[2, 2, 2, 2, 2]
[6, 6, 7, 7, 8]
[2, 2, 2, 2, 2]
[1, 1, 1, 1, 1]
[6, 6, 8, 8, 8]
[1, 1, 1, 1, 1]
[1, 2, 3, 4, 4]
[16, 18, 19, 19, 19]
[5, 6, 7, 8, 11]
[11, 12, 12, 12, 12]
[5, 5, 8, 10, 10]
[29, 29, 30, 30, 30]
[9, 10, 10, 10, 10]
[11, 11, 12, 12, 12]
[17, 17, 18, 18, 18]
[5, 5, 6, 7, 8]
[4, 5, 8, 12, 19]
[7, 9, 11, 12, 15]
[4, 4, 4, 5, 5]
[6, 6, 6, 6, 6]
[5, 5, 5, 5, 5]
[2, 2, 2, 2, 2]
[2, 2, 3, 3, 3]
[18, 18, 19, 20, 20]
[1, 2, 2, 2, 2]
[20, 24, 27, 29, 33]
[19, 19, 20, 21, 21]
[20, 22, 24, 24, 25]
[11, 11, 11, 12, 12]
[21, 22, 22, 23, 23]
[25, 25, 28, 29, 30]
[2, 2, 2, 2, 2]
[2, 2, 2, 2, 2]
[4, 4, 4, 5, 5]
[18, 18, 20, 20, 20]
[10, 12, 13, 16, 19]
[2, 2, 2, 2, 2]
[6, 7, 7, 7, 7]
[8, 8, 8, 8, 8]
[4, 4, 4, 4, 4]
[2, 2, 2, 2, 2]
[3, 5, 6, 8, 8]
[2, 2, 2, 2, 2]
[5, 5, 5, 5, 5]
[6, 7, 7, 9, 9]
[10, 11, 11, 11, 13]
[15, 18, 21, 24, 27]
[18, 20, 20, 21, 21]
[2, 2, 2, 2, 2]
[5, 6, 6, 6, 6]
[15, 15, 15, 16, 16]
[3, 4, 4, 4, 5]
[3, 3, 3, 3, 3]
[57, 62, 66, 72, 82]
[8, 9, 10, 12, 14]
[2, 2, 2, 2, 2]
[2, 2, 2, 2, 2]
[4, 4, 4, 4, 4]
[11, 12, 16, 17, 17]
[5, 6, 6, 8, 9]
[3, 3, 3, 3, 3]
[6, 6, 6, 6, 6]
[11, 11, 12, 12, 12]
[5, 8, 8, 9, 9]
[13, 15, 17, 17, 17]
[2, 2, 2, 2, 2]
[7, 7, 7, 7, 9]
[13, 17, 18, 18, 18]
[1, 1, 1, 1, 1]
[18, 19, 19, 19, 19]
[1, 2, 2, 2, 2]
[17, 17, 17, 17, 17]
[1, 1, 1, 1, 1]
[10, 13, 15, 15, 16]
[2, 2, 2, 2, 2]
[5, 5, 7, 7, 7]
[8, 10, 10, 10, 10]
[15, 15, 15, 15, 15]
[1, 1, 1, 1, 1]
[18, 18, 18, 18, 18]
[2, 2, 2, 2, 2]
[28, 28, 29, 29, 30]
[43, 49, 55, 62, 64]
[1, 1, 1, 1, 1]
[2, 2, 3, 3, 3]
[2, 3, 5, 6, 6]
[1, 1, 2, 2, 2]
[11, 13, 15, 16, 16]
[15, 15, 16, 17, 19]
[28, 30, 30, 30, 30]
[3, 4, 4, 4, 4]
[40, 40, 43, 43, 43]
[4, 8, 9, 10, 10]
[15, 16, 18, 18, 19]
[4, 6, 6, 6, 6]
[1, 1, 1, 1, 1]
[1, 1, 1, 1, 1]
[27, 27, 27, 27, 27]
[12, 12, 12, 13, 13]
[13, 14, 14, 15, 16]
[6, 6, 6, 6, 6]
[20, 20, 20, 20, 20]
[5, 5, 5, 5, 5]
[9, 11, 14, 17, 19]
[18, 18, 19, 20, 21]
[1, 1, 1, 1, 1]
[8, 8, 8, 8, 8]
[1, 1, 1, 1, 1]
[8, 12, 18, 20, 29]
[1, 1, 1, 1, 1]
[17, 18, 19, 20, 20]
[25, 26, 26, 26, 26]
[11, 12, 12, 12, 12]
[11, 11, 12, 12, 12]
[2, 2, 2, 2, 2]
[15, 15, 15, 15, 15]
[2, 4, 6, 6, 6]
[8, 9, 9, 9, 10]
[1, 1, 1, 1, 1]
[34, 40, 43, 47, 52]
[3, 3, 4, 4, 4]
[9, 9, 9, 9, 9]
[34, 36, 42, 43, 45]
[2, 2, 2, 3, 3]
[17, 17, 17, 18, 18]
[2, 2, 2, 2, 2]
[10, 11, 11, 11, 11]
[21, 21, 23, 23, 23]
[12, 12, 13, 13, 14]
[1, 1, 1, 1, 1]
[38, 43, 44, 46, 48]
[17, 17, 17, 17, 17]
[5, 5, 6, 6, 7]
[2, 2, 2, 2, 2]
[2, 4, 4, 4, 5]
[13, 15, 16, 16, 16]
[16, 19, 20, 21, 22]
[10, 11, 11, 11, 13]
[2, 4, 5, 7, 7]
[1, 2, 3, 3, 3]
[11, 12, 12, 12, 12]
[17, 17, 18, 19, 20]
[18, 24, 30, 34, 37]
[1, 1, 1, 1, 1]
[20, 20, 20, 20, 20]
[1, 1, 1, 1, 1]
[23, 28, 34, 37, 41]
[6, 7, 8, 10, 12]
[18, 20, 23, 24, 24]
[5, 5, 5, 6, 6]
[17, 19, 19, 19, 20]
[1, 2, 2, 2, 2]
[3, 3, 4, 4, 4]
[2, 2, 2, 5, 6]
[13, 13, 13, 13, 13]
[1, 1, 1, 1, 1]
[4, 4, 4, 4, 4]
[1, 1, 2, 2, 2]
[1, 1, 1, 1, 1]
[10, 10, 10, 10, 11]
[4, 4, 4, 4, 4]
[1, 1, 1, 1, 1]
[8, 9, 10, 10, 11]
[3, 3, 3, 3, 3]
[16, 17, 19, 19, 21]
[7, 7, 7, 7, 7]
[9, 10, 11, 11, 11]
[6, 6, 6, 6, 6]
[16, 16, 16, 16, 16]
[6, 6, 6, 6, 6]
[12, 12, 15, 17, 22]
[7, 7, 9, 10, 13]
[23, 24, 26, 26, 26]
[17, 20, 29, 29, 31]
[3, 3, 3, 3, 3]
[4, 4, 4, 4, 4]
[4, 4, 4, 4, 4]
[11, 11, 11, 11, 11]
[5, 6, 7, 7, 7]
[13, 20, 26, 32, 38]
[11, 14, 18, 20, 24]
[4, 5, 6, 6, 8]
[13, 13, 13, 13, 13]
[7, 7, 8, 9, 9]
[1, 1, 1, 1, 1]
[1, 1, 1, 1, 1]
[5, 5, 6, 6, 6]
[13, 15, 21, 22, 28]
[14, 14, 14, 15, 16]
[6, 6, 6, 6, 6]
[13, 13, 13, 13, 13]
[2, 2, 2, 2, 2]
[1, 1, 1, 1, 1]
[1, 1, 1, 1, 1]
[6, 6, 7, 7, 8]
[1, 2, 2, 2, 3]
[2, 2, 2, 2, 2]
[12, 12, 13, 13, 14]
[3, 3, 3, 3, 3]
[5, 7, 8, 9, 9]
[19, 21, 25, 30, 32]
[10, 10, 10, 11, 11]
[4, 4, 4, 5, 5]
[3, 3, 3, 3, 3]
[2, 2, 3, 3, 3]
[25, 25, 25, 25, 26]
[23, 23, 23, 23, 24]
[18, 18, 18, 18, 18]
[1, 1, 1, 1, 1]
[19, 21, 23, 24, 24]
[2, 2, 3, 3, 3]
[22, 23, 23, 23, 25]
[27, 27, 29, 30, 32]
[5, 6, 7, 7, 7]
[1, 1, 1, 1, 2]
[5, 6, 8, 9, 9]
[15, 17, 20, 20, 21]
[15, 16, 16, 17, 17]
[19, 19, 19, 19, 19]
[19, 22, 22, 22, 22]
[3, 4, 5, 6, 7]
[8, 9, 9, 10, 10]
[3, 4, 4, 4, 5]
[3, 5, 7, 7, 8]
[4, 5, 5, 5, 5]
[3, 4, 7, 8, 8]
[5, 5, 5, 5, 6]
[3, 4, 4, 4, 4]
[12, 12, 12, 12, 12]
[55, 58, 60, 62, 63]
[5, 6, 6, 8, 9]
[32, 32, 32, 32, 32]
[3, 3, 3, 3, 3]
[5, 5, 5, 5, 5]
[27, 30, 30, 32, 32]
[14, 15, 15, 18, 18]
[9, 9, 9, 9, 11]
[3, 3, 3, 3, 4]
[10, 11, 14, 14, 15]
[9, 10, 11, 12, 12]
[1, 1, 1, 1, 1]
[11, 12, 15, 15, 15]
[1, 1, 1, 1, 1]
[8, 8, 8, 8, 8]
[10, 10, 12, 12, 15]
[23, 23, 24, 24, 24]
[7, 8, 9, 10, 10]
[5, 5, 5, 5, 5]
[7, 7, 7, 8, 9]
[1, 2, 2, 2, 2]
[29, 32, 35, 36, 37]
[3, 5, 5, 5, 5]
[1, 1, 1, 1, 1]
[14, 16, 17, 18, 19]
[23, 24, 26, 27, 28]
[0, 1, 1, 1, 1]
[1, 1, 1, 1, 1]
[8, 8, 8, 8, 8]
[39, 47, 51, 55, 58]
[10, 11, 12, 13, 13]
[1, 2, 2, 2, 3]
[31, 32, 34, 38, 42]
[35, 38, 38, 45, 51]
[19, 20, 21, 22, 25]
[16, 16, 16, 16, 16]
[3, 3, 3, 3, 3]
[38, 50, 60, 64, 72]
[1, 1, 1, 1, 1]
[13, 13, 13, 13, 13]
[1, 1, 1, 1, 1]
[24, 30, 34, 39, 42]
[4, 6, 6, 7, 7]
[4, 4, 4, 4, 4]
[13, 14, 15, 15, 16]
[2, 2, 3, 3, 3]
[8, 8, 8, 9, 10]
[1, 1, 1, 1, 1]
[9, 9, 11, 11, 12]
[15, 15, 15, 15, 15]
[1, 1, 1, 2, 2]
[3, 3, 3, 3, 3]
[12, 13, 15, 18, 20]
[90, 106, 112, 118, 125]
[1, 1, 1, 1, 1]
[7, 7, 7, 7, 7]
[20, 20, 20, 21, 21]
[4, 4, 4, 5, 5]
[10, 11, 15, 16, 18]
[1, 1, 1, 1, 1]
[1, 1, 1, 1, 1]
[6, 6, 6, 6, 6]
[3, 3, 3, 3, 3]
[13, 15, 16, 19, 20]
[2, 2, 2, 2, 2]
[36, 37, 38, 38, 40]
[10, 10, 10, 10, 10]
[4, 4, 4, 4, 4]
[9, 9, 9, 9, 9]
[7, 7, 7, 8, 8]
[9, 9, 9, 9, 9]
[10, 10, 10, 11, 11]
[3, 4, 4, 4, 4]
[12, 12, 16, 16, 16]
[35, 46, 53, 57, 60]
[5, 5, 5, 5, 5]
[5, 5, 5, 5, 5]
[5, 12, 15, 17, 20]
[9, 9, 9, 9, 9]
[9, 9, 9, 9, 9]
[26, 28, 30, 36, 37]
[17, 18, 18, 18, 18]
[12, 14, 16, 17, 19]
[1, 1, 1, 1, 1]
[17, 18, 18, 18, 18]
[5, 7, 7, 8, 10]
[13, 13, 15, 16, 16]
[15, 15, 15, 16, 16]
[1, 1, 1, 1, 1]
[5, 7, 8, 8, 11]
[1, 1, 1, 1, 1]
[3, 4, 6, 6, 7]
[9, 10, 10, 10, 10]
[5, 5, 5, 5, 5]
[1, 1, 1, 2, 2]
[17, 18, 18, 18, 18]
[7, 8, 9, 9, 10]
[5, 5, 5, 5, 5]
[1, 1, 1, 1, 1]
[2, 2, 3, 3, 3]
[5, 5, 5, 5, 6]
[22, 23, 25, 27, 27]
[4, 4, 4, 4, 4]
[14, 14, 18, 18, 18]
[8, 9, 10, 10, 10]
[37, 37, 37, 37, 38]
[14, 15, 18, 21, 24]
[11, 11, 11, 12, 12]
[11, 11, 11, 12, 12]
[1, 3, 3, 3, 3]
[4, 5, 5, 6, 6]
[10, 13, 14, 15, 15]
[1, 1, 1, 1, 1]
[47, 49, 49, 51, 52]
[5, 5, 5, 5, 5]
[3, 3, 3, 3, 3]
[6, 6, 6, 7, 7]
[12, 12, 12, 12, 12]
[4, 4, 4, 4, 4]
[10, 10, 10, 10, 11]
[16, 16, 16, 16, 17]
[6, 6, 6, 6, 6]
[4, 5, 5, 5, 5]
[1, 1, 1, 1, 1]
[20, 21, 24, 24, 24]
[4, 4, 8, 8, 8]
[11, 12, 15, 18, 19]
[5, 6, 7, 8, 12]
[8, 8, 8, 9, 9]
[1, 1, 1, 1, 1]
[3, 3, 3, 3, 4]
[34, 38, 46, 50, 55]
[3, 4, 6, 6, 6]
[4, 4, 4, 4, 4]
[2, 2, 2, 2, 2]
[26, 26, 27, 30, 33]
[5, 6, 6, 6, 6]
[9, 10, 10, 10, 10]
[9, 10, 11, 11, 11]
[1, 1, 1, 1, 1]
[19, 32, 34, 35, 37]
[3, 5, 6, 8, 8]
[1, 1, 1, 1, 1]
[1, 1, 1, 1, 1]
[3, 3, 3, 3, 3]
[2, 3, 3, 3, 3]
[2, 2, 2, 2, 2]
[6, 6, 6, 6, 6]
[1, 1, 1, 1, 1]
[1, 1, 2, 2, 3]
[4, 4, 4, 4, 4]
[13, 13, 13, 14, 14]
[1, 1, 1, 1, 1]
[1, 1, 1, 1, 1]
[10, 10, 10, 10, 10]
[3, 5, 6, 8, 9]
[13, 15, 16, 17, 17]
[37, 37, 37, 38, 39]
[5, 5, 5, 5, 5]
[8, 8, 8, 11, 14]
[23, 24, 24, 24, 24]
[3, 3, 4, 4, 4]
[2, 2, 2, 2, 2]
[4, 4, 4, 4, 4]
[3, 5, 5, 5, 5]
[1, 1, 1, 1, 1]
[3, 4, 5, 6, 6]
[16, 16, 17, 17, 17]
[1, 1, 1, 1, 1]
[3, 3, 3, 4, 4]
[7, 7, 7, 7, 7]
[9, 10, 11, 14, 16]
[17, 19, 22, 23, 24]
[12, 12, 14, 15, 16]
[2, 3, 4, 4, 6]
[2, 2, 2, 2, 2]
[13, 16, 16, 18, 21]
[5, 7, 8, 9, 12]
[4, 6, 7, 8, 8]
[1, 1, 1, 1, 2]
[8, 10, 15, 16, 16]
[5, 5, 8, 9, 10]
[7, 13, 18, 22, 31]
[12, 12, 13, 13, 13]
[11, 11, 11, 11, 12]
[3, 3, 3, 4, 4]
[21, 22, 24, 24, 25]
[13, 13, 14, 14, 15]
[8, 10, 12, 14, 14]
[7, 7, 10, 10, 11]
[11, 12, 13, 14, 14]
[13, 15, 16, 16, 16]
[2, 2, 2, 2, 2]
[9, 10, 12, 12, 13]
[34, 40, 44, 46, 49]
[10, 10, 10, 10, 10]
[3, 3, 3, 3, 3]
[4, 4, 4, 4, 4]
[3, 4, 4, 4, 4]
[33, 40, 41, 44, 47]
[3, 3, 3, 3, 3]
[10, 10, 10, 11, 11]
[1, 1, 1, 1, 1]
[8, 10, 13, 13, 20]
[2, 2, 2, 2, 2]
[23, 24, 24, 24, 25]
[18, 18, 18, 19, 19]
[3, 3, 4, 4, 4]
[12, 12, 12, 12, 12]
[12, 14, 16, 17, 18]
[3, 3, 3, 3, 3]
[9, 10, 10, 10, 10]
[1, 1, 1, 1, 1]
[3, 3, 4, 4, 4]
[11, 12, 13, 14, 14]
[8, 8, 12, 12, 12]
[5, 7, 8, 8, 8]
[44, 45, 45, 45, 46]
[3, 4, 5, 6, 8]
[23, 25, 25, 27, 30]
[7, 7, 7, 8, 8]
[8, 8, 8, 8, 8]
[1, 1, 1, 1, 1]
[1, 2, 2, 2, 2]
[24, 24, 26, 27, 27]
[85, 92, 98, 101, 105]
[4, 4, 4, 4, 4]
[4, 4, 4, 4, 4]
[6, 6, 7, 8, 8]
[3, 3, 4, 4, 4]
[1, 1, 1, 1, 1]
[1, 1, 1, 1, 1]
[1, 1, 2, 2, 4]
[1, 1, 2, 2, 2]
[10, 10, 11, 11, 11]
[1, 1, 2, 2, 2]
[5, 5, 5, 7, 7]
[8, 8, 8, 8, 9]
[3, 3, 3, 3, 3]
[3, 3, 3, 3, 3]
[15, 16, 17, 18, 20]
[11, 11, 11, 11, 11]
[1, 1, 1, 1, 1]
[18, 23, 27, 28, 32]
[9, 9, 10, 13, 14]
[2, 2, 2, 2, 2]
[7, 12, 20, 34, 45]
[20, 20, 20, 20, 20]
[1, 1, 3, 4, 4]
[6, 6, 7, 7, 7]
[1, 1, 1, 1, 1]
[2, 2, 2, 3, 3]
[4, 4, 6, 6, 6]
[11, 14, 15, 15, 17]
[2, 2, 2, 2, 2]
[1, 1, 1, 1, 1]
[3, 3, 3, 3, 3]
[4, 4, 4, 4, 4]
[30, 33, 34, 36, 38]
[8, 9, 10, 10, 10]
[2, 2, 2, 2, 2]
[1, 1, 1, 1, 1]
[1, 1, 1, 1, 1]
[8, 8, 8, 8, 8]
[29, 30, 31, 31, 31]
[1, 1, 1, 1, 1]
[3, 3, 3, 3, 3]
[22, 23, 23, 23, 24]
[18, 19, 21, 22, 23]
[28, 30, 33, 35, 36]
[4, 4, 4, 4, 4]
[1, 2, 3, 3, 4]
[3, 3, 3, 3, 3]
[5, 5, 5, 5, 5]
[1, 1, 1, 1, 1]
[4, 4, 4, 4, 4]
[19, 22, 25, 25, 26]
[2, 2, 2, 2, 2]
[1, 1, 1, 1, 1]
[10, 12, 12, 13, 14]
[1, 1, 1, 1, 1]
[43, 43, 43, 43, 43]
[23, 24, 24, 25, 26]
[4, 4, 4, 4, 4]
[2, 2, 2, 2, 2]
[1, 1, 1, 1, 2]
[6, 7, 7, 9, 10]
[1, 1, 1, 1, 1]
[18, 29, 36, 45, 56]
[16, 16, 16, 16, 17]
[1, 1, 1, 1, 2]
[1, 1, 1, 1, 1]
[8, 8, 9, 10, 10]
[2, 2, 2, 2, 2]
[12, 13, 13, 13, 13]
[2, 2, 2, 2, 2]
[1, 1, 1, 1, 1]
[2, 2, 4, 4, 4]
[24, 34, 38, 40, 42]
[7, 8, 8, 9, 9]
[21, 24, 24, 26, 28]
[17, 17, 17, 17, 18]
[16, 16, 19, 20, 21]
[1, 1, 1, 1, 1]
[14, 14, 15, 17, 18]
[17, 17, 17, 17, 17]
[1, 1, 1, 1, 1]
[1, 1, 1, 1, 1]
[7, 9, 9, 9, 9]
[6, 6, 8, 9, 9]
[11, 11, 11, 11, 11]
[1, 1, 2, 2, 2]
[1, 1, 1, 1, 1]
[38, 49, 54, 55, 56]
[1, 1, 1, 2, 2]
[10, 11, 11, 11, 11]
[1, 1, 1, 1, 1]
[1, 2, 2, 2, 2]
[23, 23, 24, 24, 24]
[2, 2, 2, 2, 2]
[9, 10, 11, 12, 12]
[4, 7, 8, 8, 8]
[1, 1, 1, 1, 1]
[8, 10, 11, 14, 18]
[1, 1, 1, 1, 1]
[16, 16, 16, 16, 16]
[2, 2, 3, 3, 3]
[13, 16, 18, 19, 23]
[7, 9, 9, 10, 11]
[1, 1, 1, 1, 1]
[11, 11, 11, 12, 12]
[2, 2, 2, 2, 2]
[8, 9, 10, 11, 11]
[2, 3, 4, 4, 4]
[4, 4, 4, 4, 4]
[1, 1, 2, 2, 2]
[7, 8, 8, 8, 8]
[13, 13, 14, 14, 14]
[13, 14, 15, 15, 15]
[3, 4, 4, 4, 4]
[12, 16, 18, 20, 20]
[1, 1, 1, 1, 1]
[1, 1, 4, 6, 9]
[1, 1, 1, 1, 1]
[4, 4, 6, 6, 6]
[2, 2, 2, 2, 2]
[5, 5, 6, 7, 8]
[17, 17, 18, 18, 18]
[1, 1, 1, 1, 2]
[11, 13, 18, 19, 23]
[28, 33, 34, 37, 42]
[9, 11, 12, 13, 14]
[8, 9, 9, 9, 9]
[1, 1, 1, 1, 1]
[1, 1, 1, 1, 1]
[1, 1, 1, 1, 1]
[14, 15, 16, 20, 22]
[13, 15, 15, 15, 15]
[3, 3, 4, 5, 5]
[15, 21, 25, 28, 29]
[2, 2, 2, 2, 2]
[4, 4, 4, 4, 5]
[17, 18, 18, 18, 18]
[1, 1, 1, 1, 1]
[11, 14, 16, 18, 20]
[11, 12, 14, 14, 14]
[15, 18, 21, 21, 21]
[10, 10, 10, 10, 10]
[1, 1, 1, 1, 1]
[1, 2, 2, 2, 2]
[5, 6, 6, 6, 7]
[15, 15, 20, 23, 24]
[7, 7, 8, 8, 8]
[1, 1, 1, 1, 1]
[11, 11, 11, 12, 13]
[1, 1, 1, 1, 1]
[8, 8, 8, 10, 10]
[8, 8, 9, 9, 9]
[9, 10, 12, 12, 14]
[7, 7, 7, 7, 7]
[3, 3, 3, 3, 3]
[1, 1, 1, 1, 1]
[15, 15, 18, 19, 20]
[11, 11, 11, 14, 14]
[27, 27, 28, 28, 28]
[2, 2, 2, 2, 3]
[1, 1, 1, 1, 1]
[13, 13, 14, 14, 15]
[5, 5, 5, 5, 5]
[1, 1, 1, 1, 1]
[1, 2, 2, 3, 3]
[24, 25, 25, 26, 26]
[3, 4, 4, 4, 4]
[5, 6, 8, 9, 9]
[7, 8, 9, 9, 9]
[7, 10, 11, 12, 12]
[1, 1, 1, 1, 1]
[6, 6, 7, 8, 9]
[14, 14, 15, 15, 16]
[15, 17, 18, 18, 19]
[16, 16, 17, 19, 21]
[1, 1, 2, 2, 2]
[11, 12, 12, 12, 12]
[1, 2, 2, 2, 2]
[23, 23, 23, 23, 23]
[12, 13, 13, 13, 14]
[3, 4, 4, 4, 4]
[3, 3, 4, 6, 6]
[3, 3, 3, 3, 3]
[14, 14, 14, 14, 15]
[2, 2, 2, 2, 2]
[10, 12, 13, 14, 15]
[1, 1, 1, 1, 1]
[6, 7, 7, 7, 7]
[4, 6, 7, 8, 8]
[2, 2, 2, 2, 2]
[1, 1, 1, 1, 1]
[10, 11, 12, 13, 13]
[4, 5, 5, 5, 5]
[28, 30, 32, 32, 32]
[18, 20, 21, 23, 25]
[18, 18, 18, 20, 20]
[1, 1, 1, 1, 1]
[4, 5, 7, 7, 7]
[9, 9, 9, 9, 9]
[14, 17, 18, 18, 19]
[36, 37, 38, 38, 38]
[27, 28, 28, 28, 28]
[1, 1, 1, 1, 1]
[5, 5, 5, 5, 5]
[15, 15, 16, 17, 17]
[14, 17, 18, 18, 20]
[1, 1, 2, 2, 2]
[6, 6, 6, 6, 7]
[1, 1, 1, 1, 1]
[12, 13, 13, 14, 14]
[11, 12, 13, 13, 13]
[12, 16, 16, 18, 18]
[2, 2, 2, 2, 2]
[18, 19, 22, 23, 28]
[8, 9, 9, 10, 12]
[23, 25, 26, 27, 29]
[13, 16, 18, 18, 19]
[1, 1, 3, 4, 5]
[6, 8, 8, 11, 11]
[9, 10, 10, 10, 10]
[4, 4, 4, 5, 5]
[1, 1, 2, 3, 3]
[21, 22, 24, 25, 26]
[16, 16, 17, 19, 19]
[40, 40, 41, 48, 60]
[3, 4, 4, 4, 4]
[9, 9, 9, 9, 9]
[21, 21, 21, 21, 21]
[14, 15, 15, 16, 16]
[12, 12, 12, 12, 12]
[30, 34, 39, 55, 70]
[10, 14, 14, 16, 17]
[1, 1, 1, 1, 1]
[7, 8, 10, 10, 10]
[2, 2, 2, 2, 2]
[6, 6, 7, 8, 8]
[3, 3, 3, 3, 5]
[4, 5, 5, 6, 6]
[1, 1, 1, 1, 1]
[11, 12, 12, 12, 13]
[2, 2, 2, 2, 2]
[3, 3, 3, 3, 3]
[1, 1, 1, 1, 1]
[2, 2, 2, 3, 3]
[1, 2, 2, 2, 2]
[1, 1, 1, 1, 1]
[8, 10, 12, 12, 12]
[15, 16, 16, 17, 17]
[1, 1, 1, 1, 1]
[2, 2, 2, 2, 2]
[12, 12, 12, 15, 15]
[13, 15, 15, 15, 17]
[18, 19, 19, 21, 21]
[7, 7, 10, 11, 11]
[3, 3, 3, 3, 3]
[11, 11, 11, 11, 11]
[20, 25, 26, 27, 27]
[2, 2, 2, 2, 2]
[6, 8, 10, 10, 10]
[4, 4, 4, 5, 5]
[19, 20, 20, 21, 21]
[7, 7, 8, 10, 10]
[16, 16, 16, 16, 18]
[2, 4, 5, 6, 9]
[3, 3, 3, 3, 3]
[22, 30, 42, 46, 52]
[6, 6, 6, 6, 6]
[3, 3, 3, 3, 3]
[1, 3, 5, 6, 6]
[3, 6, 6, 6, 6]
[1, 1, 1, 1, 1]
[6, 6, 6, 6, 6]
[3, 6, 7, 10, 11]
[7, 8, 10, 10, 10]
[1, 1, 1, 1, 1]
[9, 10, 11, 11, 12]
[7, 7, 7, 7, 7]
[28, 37, 44, 46, 49]
[8, 9, 9, 9, 9]
[1, 1, 1, 2, 2]
[2, 2, 2, 2, 2]
[32, 32, 34, 35, 36]
[1, 1, 1, 1, 1]
[9, 9, 9, 9, 9]
[1, 1, 1, 1, 1]
[3, 3, 3, 4, 5]
[2, 2, 3, 3, 3]
[2, 3, 3, 3, 3]
[3, 4, 5, 5, 7]
[1, 1, 1, 1, 1]
[18, 18, 18, 18, 18]
[6, 6, 7, 10, 12]
[12, 14, 15, 15, 15]
[11, 12, 13, 13, 13]
[3, 4, 5, 5, 5]
[2, 2, 2, 2, 2]
[8, 10, 15, 17, 17]
[1, 1, 1, 2, 2]
[7, 11, 11, 12, 15]
[42, 46, 49, 52, 53]
[3, 3, 3, 3, 3]
[24, 26, 26, 27, 27]
[20, 22, 25, 28, 30]
[9, 12, 12, 14, 14]
[2, 2, 2, 2, 2]
[8, 9, 9, 10, 10]
[33, 37, 45, 49, 52]
[67, 80, 97, 112, 125]
[1, 1, 1, 1, 1]
[1, 1, 1, 1, 1]
[14, 16, 16, 16, 17]
[5, 5, 5, 5, 5]
[8, 10, 10, 11, 13]
[19, 20, 23, 26, 30]
[19, 19, 19, 19, 19]
[9, 9, 9, 9, 9]
[4, 4, 4, 6, 7]
[3, 3, 3, 3, 3]
[13, 13, 14, 14, 14]
