[7, 8, 10, 10, 12]
[1, 1, 1, 1, 1]
[5, 5, 5, 5, 5]
[3, 3, 4, 4, 4]
[3, 3, 3, 3, 3]
[1, 1, 1, 1, 1]
[1, 1, 2, 2, 3]
[1, 2, 3, 3, 3]
[1, 1, 1, 1, 1]
[1, 1, 1, 1, 1]
[5, 5, 5, 5, 5]
[5, 6, 9, 11, 13]
[1, 2, 3, 3, 3]
[1, 1, 1, 1, 1]
[7, 8, 11, 11, 12]
[1, 1, 1, 1, 1]
[3, 3, 4, 4, 4]
[1, 1, 1, 1, 1]
[1, 1, 1, 1, 1]
[1, 1, 2, 3, 3]
[1, 1, 1, 1, 1]
[1, 1, 1, 1, 1]
[2, 2, 2, 2, 2]
[7, 9, 14, 14, 16]
[1, 2, 2, 2, 3]
[1, 2, 2, 3, 3]
[5, 5, 6, 6, 6]
[1, 1, 2, 2, 2]
[1, 1, 1, 1, 1]
[7, 7, 7, 7, 7]
[1, 1, 2, 3, 3]
[1, 1, 2, 2, 2]
[5, 5, 5, 6, 7]
[7, 8, 9, 11, 11]
[7, 7, 7, 7, 7]
[6, 7, 7, 7, 7]
[2, 2, 2, 2, 2]
[2, 2, 2, 2, 2]
[1, 1, 1, 1, 1]
[1, 1, 1, 1, 1]
[7, 9, 11, 13, 13]
[1, 1, 1, 1, 1]
[1, 3, 5, 5, 5]
[6, 6, 7, 8, 8]
[1, 1, 1, 1, 1]
[2, 2, 2, 2, 2]
[7, 7, 8, 8, 8]
[3, 4, 6, 7, 9]
[7, 9, 9, 9, 10]
[1, 1, 1, 1, 1]
[1, 1, 1, 1, 1]
[6, 7, 7, 8, 8]
[1, 1, 1, 2, 2]
[4, 4, 4, 4, 4]
[1, 1, 2, 2, 2]
[7, 7, 7, 8, 8]
[1, 5, 11, 14, 20]
[3, 4, 4, 5, 5]
[1, 1, 1, 1, 1]
[4, 4, 5, 5, 5]
[1, 1, 1, 1, 1]
[1, 1, 1, 1, 1]
[4, 4, 4, 4, 4]
[3, 3, 5, 8, 8]
[1, 1, 1, 1, 1]
[1, 1, 1, 1, 1]
[1, 1, 1, 1, 1]
[1, 1, 1, 1, 1]
[6, 7, 9, 9, 11]
[1, 2, 2, 2, 2]
[1, 1, 1, 2, 2]
[1, 1, 1, 1, 1]
[1, 1, 1, 1, 2]
[3, 4, 5, 6, 7]
[7, 8, 11, 13, 13]
[1, 1, 1, 1, 1]
[1, 1, 1, 1, 1]
[1, 1, 1, 1, 1]
[1, 1, 1, 1, 2]
[2, 2, 2, 3, 4]
[6, 7, 9, 9, 11]
[6, 6, 6, 6, 6]
[7, 12, 13, 14, 16]
[7, 8, 8, 10, 10]
[6, 8, 10, 11, 11]
[5, 5, 6, 7, 7]
[4, 6, 9, 9, 9]
[1, 1, 1, 1, 1]
[1, 1, 1, 1, 1]
[7, 7, 7, 8, 8]
[1, 1, 1, 1, 1]
[2, 2, 2, 2, 2]
[1, 1, 1, 1, 1]
[4, 7, 10, 10, 12]
[2, 3, 3, 3, 4]
[5, 7, 7, 9, 10]
[1, 1, 1, 1, 1]
[6, 8, 8, 9, 9]
[3, 3, 3, 3, 3]
[3, 4, 6, 8, 8]
[1, 1, 1, 1, 1]
[1, 1, 1, 1, 1]
[1, 1, 1, 1, 1]
[4, 4, 4, 4, 4]
[1, 1, 1, 1, 1]
[1, 2, 2, 2, 4]
[1, 2, 2, 2, 2]
[2, 2, 2, 2, 2]
[1, 1, 1, 2, 2]
[1, 1, 1, 1, 1]
[7, 9, 12, 15, 16]
[1, 2, 2, 2, 2]
[6, 6, 6, 6, 6]
[2, 5, 9, 10, 11]
[1, 1, 1, 2, 3]
[1, 1, 1, 1, 1]
[4, 4, 4, 4, 4]
[1, 1, 1, 1, 1]
[1, 1, 1, 2, 2]
[4, 4, 5, 6, 6]
[1, 1, 2, 2, 4]
[7, 7, 7, 7, 7]
[1, 1, 1, 1, 1]
[1, 1, 1, 1, 1]
[6, 6, 10, 11, 12]
[5, 6, 12, 14, 17]
[7, 7, 7, 7, 7]
[3, 3, 5, 6, 6]
[1, 1, 1, 1, 1]
[7, 10, 10, 14, 14]
[1, 1, 1, 3, 4]
[1, 1, 1, 1, 1]
[5, 6, 7, 7, 7]
[1, 1, 1, 1, 1]
[1, 1, 1, 1, 1]
[1, 1, 1, 1, 1]
[2, 2, 2, 2, 2]
[3, 4, 6, 6, 6]
[2, 3, 3, 3, 3]
[6, 6, 6, 6, 6]
[6, 7, 7, 7, 8]
[2, 2, 2, 2, 2]
[4, 6, 7, 7, 7]
[1, 1, 1, 1, 1]
[1, 1, 1, 1, 1]
[4, 5, 6, 6, 6]
[4, 4, 4, 4, 5]
[1, 1, 1, 1, 1]
[2, 2, 4, 5, 5]
[1, 1, 1, 1, 1]
[3, 3, 3, 3, 3]
[5, 5, 6, 6, 9]
[1, 1, 1, 1, 2]
[7, 9, 10, 10, 10]
[4, 4, 5, 5, 5]
[6, 6, 6, 6, 6]
[1, 1, 1, 1, 1]
[5, 5, 5, 5, 5]
[2, 2, 2, 2, 2]
[2, 2, 2, 2, 2]
[7, 7, 8, 9, 9]
[4, 7, 7, 9, 14]
[4, 6, 9, 10, 10]
[4, 5, 5, 5, 5]
[2, 2, 3, 3, 3]
[2, 2, 2, 2, 2]
[4, 4, 4, 4, 4]
[2, 2, 2, 3, 3]
[1, 1, 1, 1, 1]
[1, 2, 3, 3, 4]
[6, 7, 10, 11, 11]
[4, 5, 8, 11, 11]
[4, 4, 4, 4, 4]
[1, 1, 1, 1, 1]
[1, 2, 2, 2, 2]
[1, 1, 1, 2, 2]
[1, 1, 1, 1, 1]
[1, 1, 1, 1, 1]
[5, 5, 5, 5, 5]
[5, 6, 6, 6, 6]
[1, 1, 1, 1, 2]
[4, 4, 4, 4, 4]
[6, 9, 9, 9, 10]
[3, 3, 5, 7, 11]
[1, 1, 1, 1, 1]
[2, 4, 5, 5, 8]
[1, 1, 2, 2, 3]
[3, 3, 3, 3, 3]
[1, 1, 1, 1, 1]
[7, 7, 7, 7, 7]
[1, 1, 1, 1, 1]
[7, 7, 7, 8, 9]
[3, 3, 3, 4, 4]
[1, 1, 1, 3, 3]
[1, 1, 1, 1, 1]
[1, 2, 2, 3, 3]
[1, 1, 1, 1, 1]
[1, 1, 1, 1, 1]
[4, 4, 4, 4, 4]
[2, 2, 3, 4, 4]
[6, 14, 19, 20, 21]
[1, 1, 1, 1, 1]
[1, 2, 2, 2, 2]
[1, 5, 6, 6, 6]
[2, 5, 11, 13, 21]
[4, 4, 4, 4, 4]
[1, 1, 1, 1, 1]
[1, 2, 5, 5, 5]
[1, 1, 1, 1, 1]
[1, 1, 4, 4, 5]
[6, 6, 6, 8, 10]
[2, 2, 3, 4, 4]
[2, 3, 3, 4, 5]
[1, 2, 2, 2, 2]
[1, 2, 2, 2, 2]
[1, 3, 6, 9, 9]
[6, 7, 7, 7, 7]
[7, 7, 7, 7, 7]
[4, 5, 5, 6, 8]
[7, 7, 7, 7, 8]
[1, 1, 1, 1, 1]
[2, 2, 2, 2, 2]
[6, 9, 9, 9, 9]
[2, 2, 2, 2, 2]
[6, 12, 24, 31, 54]
[1, 1, 1, 1, 2]
[1, 1, 1, 1, 1]
[6, 7, 7, 8, 8]
[1, 1, 1, 1, 1]
[1, 1, 1, 1, 1]
[2, 2, 2, 2, 2]
[1, 1, 2, 2, 4]
[4, 7, 10, 11, 12]
[1, 1, 1, 1, 1]
[1, 1, 1, 1, 1]
[4, 7, 7, 7, 7]
[3, 4, 5, 6, 7]
[1, 1, 1, 1, 1]
[5, 5, 5, 5, 5]
[2, 2, 2, 2, 2]
[1, 1, 1, 1, 1]
[1, 1, 1, 2, 2]
[1, 10, 28, 39, 44]
[1, 2, 3, 4, 4]
[7, 7, 7, 7, 7]
[7, 7, 8, 8, 8]
[6, 6, 6, 6, 6]
[5, 6, 6, 8, 10]
[1, 1, 1, 1, 1]
[6, 6, 6, 6, 6]
[1, 1, 1, 1, 2]
[3, 5, 7, 8, 8]
[5, 6, 7, 8, 10]
[7, 7, 7, 7, 7]
[6, 6, 6, 6, 6]
[1, 1, 1, 1, 1]
[7, 7, 9, 10, 10]
[1, 1, 1, 2, 3]
[2, 2, 2, 2, 2]
[1, 1, 1, 1, 1]
[1, 1, 1, 1, 1]
[7, 7, 13, 16, 21]
[1, 3, 5, 8, 9]
[1, 1, 2, 5, 6]
[1, 1, 1, 1, 1]
[5, 5, 6, 6, 6]
[6, 7, 11, 14, 24]
[1, 2, 3, 3, 3]
[1, 1, 2, 2, 2]
[1, 2, 2, 2, 2]
[6, 6, 6, 6, 6]
[2, 2, 2, 2, 2]
[7, 8, 9, 9, 9]
[2, 2, 2, 3, 3]
[1, 1, 1, 1, 1]
[1, 1, 1, 1, 1]
[1, 1, 1, 1, 1]
[6, 6, 6, 6, 6]
[1, 1, 1, 2, 3]
[1, 1, 1, 1, 1]
[1, 1, 3, 4, 4]
[1, 1, 1, 1, 1]
[6, 9, 9, 9, 10]
[2, 2, 2, 3, 3]
[1, 1, 1, 1, 1]
[1, 1, 1, 1, 1]
[2, 3, 3, 4, 4]
[1, 1, 1, 1, 1]
[4, 4, 4, 4, 4]
[3, 3, 3, 3, 3]
[1, 1, 2, 2, 2]
[1, 1, 1, 1, 2]
[6, 10, 12, 15, 15]
[5, 6, 10, 11, 11]
[3, 3, 3, 3, 3]
[6, 6, 6, 6, 6]
[1, 1, 1, 1, 1]
[5, 6, 6, 7, 7]
[2, 2, 2, 3, 3]
[1, 1, 1, 1, 1]
[3, 3, 3, 3, 3]
[1, 1, 1, 1, 1]
[1, 1, 1, 1, 1]
[3, 3, 3, 3, 3]
[4, 6, 7, 8, 9]
[2, 2, 2, 2, 2]
[1, 1, 1, 1, 1]
[1, 1, 1, 1, 1]
[5, 5, 5, 6, 6]
[1, 1, 1, 3, 4]
[3, 3, 3, 3, 3]
[3, 5, 8, 9, 9]
[2, 3, 3, 4, 4]
[1, 1, 1, 2, 3]
[7, 8, 9, 9, 9]
[5, 6, 6, 6, 6]
[1, 1, 1, 2, 2]
[7, 7, 7, 9, 9]
[6, 10, 18, 20, 21]
[6, 9, 10, 10, 10]
[7, 7, 7, 7, 7]
[6, 8, 11, 11, 12]
[3, 3, 3, 3, 3]
[1, 1, 1, 1, 1]
[1, 1, 1, 1, 1]
[1, 1, 1, 1, 1]
[1, 1, 1, 1, 1]
[5, 6, 6, 6, 6]
[1, 1, 1, 1, 1]
[4, 5, 6, 7, 8]
[4, 4, 5, 6, 6]
[1, 1, 1, 1, 1]
[1, 1, 1, 1, 1]
[1, 1, 1, 1, 1]
[2, 2, 2, 2, 3]
[1, 1, 1, 1, 1]
[2, 2, 3, 3, 3]
[6, 7, 7, 8, 8]
[1, 1, 1, 2, 2]
[4, 6, 7, 9, 9]
[4, 17, 35, 54, 70]
[1, 2, 2, 2, 2]
[1, 1, 1, 1, 1]
[2, 2, 2, 2, 2]
[1, 1, 1, 1, 1]
[4, 4, 4, 4, 4]
[1, 1, 1, 2, 3]
[1, 2, 2, 2, 3]
[1, 1, 1, 1, 1]
[6, 6, 6, 6, 7]
[1, 1, 1, 1, 1]
[1, 1, 1, 2, 2]
[1, 1, 1, 1, 1]
[1, 1, 1, 1, 1]
[5, 6, 6, 6, 7]
[1, 1, 1, 1, 1]
[3, 4, 9, 9, 9]
[1, 1, 2, 2, 3]
[5, 5, 5, 5, 5]
[3, 3, 8, 9, 12]
[1, 1, 1, 3, 4]
[5, 5, 5, 6, 6]
[1, 1, 1, 1, 1]
[5, 5, 5, 5, 5]
[5, 10, 15, 19, 27]
[3, 3, 3, 3, 3]
[1, 1, 1, 1, 1]
[1, 1, 1, 1, 1]
[1, 1, 1, 1, 1]
[1, 2, 2, 2, 2]
[2, 3, 3, 3, 3]
[1, 1, 3, 3, 5]
[4, 4, 4, 5, 6]
[1, 1, 1, 2, 3]
[3, 5, 8, 10, 11]
[1, 1, 2, 2, 2]
[3, 4, 4, 5, 6]
[1, 1, 1, 1, 1]
[1, 2, 2, 2, 2]
[1, 1, 1, 1, 1]
[5, 7, 10, 17, 19]
[3, 3, 6, 7, 9]
[5, 5, 5, 5, 5]
[1, 2, 2, 2, 2]
[1, 1, 1, 1, 1]
[1, 1, 1, 1, 1]
[6, 6, 6, 6, 7]
[6, 6, 7, 8, 8]
[1, 1, 1, 1, 1]
[1, 1, 1, 1, 1]
[1, 1, 1, 1, 1]
[1, 1, 1, 1, 3]
[3, 4, 5, 5, 6]
[6, 8, 9, 10, 12]
[7, 8, 10, 10, 12]
[1, 1, 1, 1, 1]
[4, 4, 4, 4, 4]
[5, 6, 6, 6, 6]
[3, 3, 3, 3, 3]
[1, 1, 1, 2, 2]
[7, 8, 8, 8, 9]
[6, 7, 7, 7, 7]
[6, 6, 6, 6, 6]
[3, 3, 3, 3, 3]
[1, 4, 6, 10, 11]
[4, 5, 6, 6, 6]
[7, 9, 11, 12, 14]
[1, 1, 2, 3, 4]
[6, 6, 6, 6, 6]
[1, 2, 2, 2, 2]
[1, 2, 2, 3, 3]
[1, 1, 1, 1, 1]
[3, 3, 3, 3, 3]
[5, 5, 5, 5, 5]
[2, 2, 2, 2, 2]
[1, 1, 1, 1, 2]
[1, 1, 1, 1, 1]
[2, 2, 2, 2, 2]
[7, 7, 8, 8, 9]
[7, 7, 8, 8, 8]
[2, 2, 3, 3, 3]
[7, 7, 8, 8, 8]
[7, 7, 7, 7, 7]
[1, 3, 3, 3, 3]
[3, 3, 3, 3, 3]
[1, 4, 7, 8, 11]
[1, 1, 1, 1, 1]
[1, 1, 1, 1, 1]
[5, 7, 9, 12, 16]
[2, 2, 2, 2, 2]
[1, 1, 1, 1, 1]
[2, 2, 2, 4, 4]
[2, 2, 5, 7, 7]
[1, 1, 1, 1, 1]
[5, 5, 9, 20, 31]
[1, 1, 1, 1, 2]
[6, 11, 13, 13, 13]
[1, 3, 4, 5, 7]
[1, 1, 1, 1, 1]
[1, 1, 1, 1, 1]
[1, 1, 1, 1, 1]
[5, 5, 5, 5, 6]
[6, 16, 20, 25, 29]
[1, 1, 1, 1, 1]
[5, 9, 15, 23, 28]
[1, 1, 1, 1, 1]
[1, 1, 1, 1, 1]
[1, 1, 1, 1, 1]
[6, 6, 8, 9, 11]
[2, 3, 5, 7, 8]
[1, 1, 1, 1, 1]
[4, 8, 8, 9, 9]
[1, 1, 1, 1, 1]
[1, 2, 2, 2, 2]
[2, 2, 3, 4, 5]
[3, 5, 6, 7, 8]
[4, 5, 7, 8, 8]
[6, 7, 7, 7, 7]
[1, 1, 3, 4, 4]
[1, 2, 2, 2, 2]
[7, 8, 9, 9, 10]
[6, 9, 17, 17, 22]
[2, 2, 3, 4, 4]
[6, 10, 15, 23, 33]
[1, 1, 1, 2, 2]
[1, 2, 2, 3, 3]
[1, 1, 1, 1, 1]
[4, 7, 9, 10, 12]
[1, 1, 2, 2, 2]
[1, 1, 3, 3, 3]
[1, 1, 1, 1, 1]
[1, 1, 3, 3, 4]
[1, 1, 1, 1, 1]
[1, 1, 1, 1, 1]
[1, 1, 1, 1, 1]
[1, 4, 5, 5, 5]
[6, 6, 7, 7, 7]
[5, 5, 5, 5, 6]
[5, 6, 6, 7, 7]
[6, 7, 7, 7, 7]
[6, 6, 8, 8, 8]
[1, 1, 1, 1, 1]
[1, 2, 2, 2, 2]
[3, 3, 3, 3, 4]
[1, 1, 1, 1, 1]
[3, 4, 4, 5, 5]
[5, 8, 9, 11, 11]
[1, 2, 2, 2, 2]
[1, 1, 1, 1, 1]
[1, 1, 1, 1, 1]
[6, 6, 6, 6, 6]
[7, 7, 8, 9, 9]
[1, 1, 1, 1, 1]
[1, 1, 1, 1, 1]
[7, 7, 8, 8, 9]
[4, 5, 6, 6, 6]
[2, 4, 5, 5, 7]
[5, 6, 7, 9, 9]
[1, 1, 2, 2, 2]
[1, 1, 1, 1, 1]
[1, 1, 1, 1, 2]
[1, 1, 1, 1, 1]
[6, 6, 7, 7, 7]
[1, 1, 1, 1, 1]
[2, 4, 4, 4, 4]
[3, 3, 3, 3, 3]
[7, 8, 8, 9, 9]
[2, 2, 2, 2, 2]
[1, 6, 11, 18, 22]
[3, 3, 3, 3, 3]
[2, 2, 2, 2, 2]
[1, 1, 1, 1, 1]
[1, 2, 4, 4, 4]
[3, 3, 3, 3, 3]
[6, 7, 8, 9, 10]
[3, 4, 4, 4, 4]
[1, 1, 1, 1, 1]
[1, 1, 1, 1, 1]
[7, 7, 7, 8, 8]
[2, 2, 2, 2, 2]
[1, 2, 3, 4, 4]
[1, 1, 1, 1, 1]
[3, 3, 4, 4, 4]
[6, 9, 13, 16, 20]
[7, 7, 7, 7, 7]
[1, 1, 1, 1, 1]
[2, 2, 2, 2, 2]
[1, 1, 1, 1, 1]
[6, 6, 8, 10, 11]
[1, 1, 1, 1, 1]
[7, 8, 10, 10, 12]
[7, 8, 11, 11, 14]
[7, 7, 7, 7, 7]
[1, 1, 1, 1, 1]
[7, 7, 7, 7, 7]
[6, 6, 9, 9, 9]
[5, 5, 5, 5, 5]
[3, 3, 3, 3, 3]
[1, 1, 1, 1, 1]
[1, 1, 1, 1, 1]
[1, 1, 1, 1, 1]
[6, 7, 7, 7, 7]
[1, 1, 1, 1, 1]
[4, 6, 7, 7, 7]
[2, 2, 3, 3, 4]
[1, 1, 2, 2, 2]
[2, 2, 2, 2, 2]
[1, 1, 1, 1, 1]
[2, 2, 2, 2, 2]
[2, 2, 2, 2, 3]
[4, 4, 5, 5, 5]
[1, 2, 2, 3, 3]
[3, 5, 5, 6, 9]
[1, 2, 3, 3, 3]
[1, 2, 2, 3, 3]
[1, 1, 2, 2, 3]
[6, 6, 6, 6, 6]
[7, 8, 8, 8, 9]
[1, 1, 1, 1, 1]
[1, 1, 1, 1, 1]
[2, 2, 2, 2, 2]
[1, 1, 1, 1, 1]
[1, 2, 2, 2, 2]
[6, 7, 8, 8, 9]
[1, 2, 2, 2, 2]
[4, 4, 5, 5, 5]
[1, 1, 3, 5, 5]
[1, 1, 1, 1, 1]
[6, 6, 7, 7, 7]
[1, 2, 2, 3, 4]
[5, 6, 8, 8, 8]
[1, 1, 1, 1, 1]
[1, 1, 1, 1, 1]
[1, 1, 1, 1, 1]
[1, 1, 1, 1, 1]
[1, 1, 2, 2, 2]
[7, 7, 7, 7, 7]
[1, 1, 1, 1, 1]
[1, 1, 1, 2, 2]
[5, 5, 5, 5, 5]
[6, 6, 6, 6, 6]
[1, 1, 1, 1, 1]
[5, 6, 7, 8, 8]
[1, 1, 1, 1, 1]
[1, 1, 1, 1, 1]
[1, 1, 1, 2, 2]
[6, 7, 8, 8, 8]
[6, 6, 6, 6, 6]
[1, 1, 1, 1, 1]
[1, 2, 2, 2, 2]
[3, 3, 3, 3, 3]
[3, 4, 4, 4, 4]
[1, 1, 1, 1, 1]
[1, 1, 1, 1, 1]
[6, 7, 7, 7, 7]
[4, 7, 9, 10, 10]
[1, 2, 2, 2, 2]
[1, 1, 3, 5, 6]
[1, 1, 1, 1, 1]
[6, 8, 8, 8, 8]
[1, 1, 1, 1, 1]
[1, 1, 1, 1, 1]
[6, 8, 10, 13, 13]
[1, 1, 2, 3, 3]
[4, 4, 4, 4, 4]
[4, 4, 4, 4, 4]
[1, 1, 1, 1, 1]
[7, 8, 9, 9, 9]
[5, 5, 5, 7, 8]
[7, 7, 7, 7, 8]
[1, 1, 1, 2, 2]
[2, 2, 2, 2, 3]
[2, 3, 3, 3, 3]
[5, 9, 11, 11, 12]
[1, 1, 1, 2, 2]
[1, 5, 6, 6, 7]
[1, 1, 1, 1, 1]
[6, 7, 8, 8, 8]
[7, 13, 15, 18, 20]
[1, 1, 1, 1, 1]
[1, 1, 1, 1, 1]
[1, 1, 1, 1, 1]
[1, 1, 1, 1, 1]
[5, 7, 7, 7, 7]
[1, 1, 2, 2, 2]
[1, 1, 2, 2, 2]
[1, 1, 1, 1, 1]
[1, 2, 2, 2, 2]
[3, 5, 9, 10, 13]
[4, 5, 5, 6, 6]
[6, 7, 9, 9, 11]
[4, 5, 5, 5, 5]
[4, 4, 4, 4, 4]
[1, 2, 2, 2, 3]
[1, 2, 2, 2, 2]
[1, 1, 1, 1, 1]
[1, 1, 1, 2, 2]
[1, 2, 3, 3, 3]
[3, 3, 3, 3, 3]
[7, 8, 9, 10, 10]
[1, 1, 2, 2, 3]
[1, 3, 3, 3, 3]
[4, 5, 5, 5, 5]
[1, 1, 1, 2, 2]
[3, 8, 13, 17, 20]
[1, 1, 1, 1, 1]
[2, 2, 2, 2, 2]
[1, 1, 2, 2, 2]
[1, 1, 1, 1, 1]
[4, 6, 7, 7, 7]
[1, 1, 1, 1, 1]
[1, 1, 1, 1, 1]
[1, 1, 1, 1, 1]
[5, 5, 5, 5, 5]
[3, 3, 4, 4, 4]
[2, 2, 2, 2, 2]
[1, 2, 2, 2, 2]
[6, 7, 7, 7, 7]
[1, 1, 2, 3, 4]
[1, 1, 1, 1, 1]
[1, 1, 2, 2, 2]
[1, 1, 1, 1, 1]
[2, 2, 2, 2, 2]
[1, 2, 3, 3, 3]
[1, 1, 1, 1, 1]
[1, 2, 3, 3, 3]
[1, 1, 2, 2, 5]
[1, 1, 1, 1, 1]
[7, 7, 9, 9, 9]
[3, 4, 6, 8, 9]
[4, 6, 6, 6, 6]
[1, 1, 1, 2, 3]
[1, 1, 2, 2, 2]
[5, 5, 6, 6, 7]
[1, 1, 1, 2, 2]
[1, 2, 2, 2, 2]
[7, 7, 9, 10, 10]
[3, 4, 5, 5, 5]
[1, 1, 1, 1, 1]
[1, 3, 4, 5, 8]
[1, 1, 1, 1, 1]
[3, 4, 5, 5, 5]
[3, 6, 11, 23, 33]
[2, 2, 2, 2, 2]
[3, 3, 3, 4, 5]
[1, 1, 1, 4, 5]
[6, 9, 10, 10, 10]
[4, 5, 5, 5, 5]
[2, 4, 6, 6, 6]
[7, 7, 7, 8, 8]
[4, 7, 7, 7, 7]
[1, 1, 1, 1, 1]
[1, 3, 4, 4, 4]
[2, 3, 3, 3, 4]
[1, 1, 1, 1, 1]
[5, 5, 5, 6, 6]
[2, 2, 2, 2, 2]
[3, 3, 4, 4, 5]
[1, 1, 1, 1, 1]
[1, 1, 1, 1, 1]
[1, 1, 1, 1, 1]
[7, 8, 9, 10, 10]
[6, 6, 8, 9, 14]
[1, 1, 2, 2, 2]
[7, 7, 7, 8, 9]
[1, 1, 2, 5, 5]
[1, 1, 1, 1, 1]
[4, 6, 6, 9, 12]
[2, 5, 8, 11, 12]
[1, 1, 1, 1, 1]
[4, 5, 6, 8, 9]
[1, 1, 1, 2, 2]
[1, 1, 1, 1, 1]
[1, 1, 1, 1, 1]
[6, 9, 14, 15, 15]
[6, 12, 15, 28, 39]
[1, 1, 1, 1, 1]
[1, 1, 1, 1, 1]
[1, 1, 1, 1, 1]
[2, 2, 2, 2, 2]
[3, 5, 5, 5, 5]
[2, 4, 5, 6, 6]
[1, 1, 1, 1, 1]
[2, 2, 3, 3, 3]
[5, 7, 8, 9, 9]
[1, 1, 1, 1, 1]
[3, 4, 6, 7, 7]
[1, 1, 1, 1, 1]
[1, 1, 1, 1, 1]
[5, 7, 9, 10, 10]
[3, 3, 3, 3, 3]
[1, 1, 1, 1, 1]
[3, 3, 3, 3, 3]
[4, 4, 4, 5, 5]
[3, 4, 5, 5, 5]
[1, 1, 1, 1, 1]
[6, 10, 10, 10, 10]
[1, 3, 3, 3, 3]
[1, 1, 1, 1, 1]
[2, 3, 4, 5, 7]
[1, 1, 1, 2, 2]
[7, 10, 10, 12, 14]
[1, 1, 1, 1, 1]
[7, 8, 8, 8, 8]
[5, 6, 7, 9, 9]
[1, 1, 2, 2, 2]
[6, 6, 8, 9, 9]
[7, 7, 7, 7, 7]
[2, 2, 2, 2, 2]
[2, 4, 5, 5, 5]
[5, 7, 7, 9, 9]
[4, 4, 4, 4, 4]
[5, 5, 5, 6, 9]
[7, 9, 10, 10, 10]
[2, 4, 4, 6, 6]
[1, 1, 1, 1, 1]
[7, 7, 8, 9, 9]
[7, 7, 7, 7, 8]
[6, 7, 7, 7, 7]
[1, 1, 1, 1, 1]
[1, 1, 1, 1, 1]
[1, 1, 1, 1, 1]
[6, 13, 19, 22, 24]
[3, 3, 4, 4, 4]
[4, 5, 5, 6, 7]
[5, 5, 8, 10, 12]
[1, 1, 1, 1, 1]
[2, 3, 3, 4, 4]
[1, 1, 1, 1, 1]
[7, 8, 8, 8, 8]
[1, 1, 1, 2, 2]
[4, 5, 5, 5, 5]
[1, 2, 4, 4, 4]
[1, 1, 1, 1, 1]
[2, 2, 2, 3, 3]
[1, 1, 1, 1, 1]
[4, 4, 4, 4, 4]
[6, 10, 14, 16, 17]
[3, 3, 3, 3, 3]
[1, 1, 1, 1, 1]
[4, 6, 7, 7, 8]
[6, 6, 6, 6, 6]
[1, 1, 1, 2, 2]
[6, 6, 6, 6, 6]
[5, 5, 5, 5, 5]
[1, 1, 1, 1, 1]
[3, 3, 3, 3, 3]
[1, 1, 1, 1, 1]
[1, 1, 1, 1, 1]
[5, 5, 7, 8, 10]
[1, 1, 1, 1, 1]
[1, 1, 1, 1, 1]
[6, 6, 6, 7, 7]
[1, 1, 1, 1, 1]
[4, 4, 4, 4, 4]
[1, 1, 1, 1, 1]
[1, 1, 1, 1, 1]
[1, 1, 2, 2, 2]
[6, 9, 10, 10, 10]
[1, 1, 1, 1, 1]
[1, 1, 1, 1, 1]
[1, 1, 1, 1, 1]
[5, 5, 5, 5, 8]
[2, 3, 3, 3, 4]
[2, 4, 4, 4, 4]
[1, 1, 1, 1, 1]
[1, 2, 2, 2, 2]
[1, 3, 3, 4, 5]
[1, 1, 1, 2, 2]
[2, 2, 2, 3, 3]
[2, 2, 2, 2, 2]
[7, 8, 8, 8, 8]
[7, 10, 10, 12, 12]
[1, 1, 1, 1, 1]
[1, 1, 1, 1, 1]
[3, 3, 3, 3, 3]
[7, 8, 8, 8, 8]
[2, 3, 3, 3, 3]
[1, 1, 1, 1, 1]
[1, 1, 1, 1, 1]
[6, 7, 7, 7, 7]
[5, 6, 7, 7, 7]
[6, 7, 7, 8, 9]
[4, 5, 6, 7, 12]
[1, 1, 1, 1, 2]
[3, 3, 3, 3, 3]
[3, 3, 3, 3, 3]
[1, 1, 2, 2, 2]
[1, 1, 1, 1, 3]
[4, 5, 5, 5, 5]
[1, 1, 1, 1, 1]
[7, 7, 7, 7, 7]
[6, 6, 6, 6, 6]
[3, 5, 6, 6, 6]
[1, 2, 2, 2, 3]
[4, 4, 4, 4, 4]
[5, 6, 6, 7, 10]
[1, 1, 1, 1, 1]
[1, 1, 1, 1, 2]
[1, 1, 1, 2, 2]
[1, 1, 1, 2, 2]
[1, 1, 1, 1, 1]
[2, 3, 4, 4, 4]
[3, 4, 4, 4, 4]
[1, 1, 1, 1, 1]
[2, 2, 2, 2, 2]
[1, 1, 1, 1, 1]
[1, 1, 1, 2, 2]
[5, 6, 7, 8, 9]
[2, 3, 4, 8, 10]
[7, 7, 7, 8, 8]
[1, 1, 1, 1, 1]
[1, 1, 1, 1, 1]
[1, 1, 1, 1, 1]
[1, 2, 2, 2, 2]
[1, 1, 1, 1, 1]
[1, 2, 2, 2, 2]
[6, 8, 9, 14, 15]
[7, 8, 8, 12, 14]
[2, 3, 3, 3, 3]
[1, 1, 1, 1, 1]
[3, 4, 5, 6, 7]
[3, 3, 3, 3, 3]
[1, 1, 1, 1, 1]
[1, 1, 1, 1, 2]
[4, 13, 20, 31, 40]
[1, 2, 2, 2, 3]
[6, 6, 7, 7, 7]
[5, 5, 7, 8, 10]
[3, 3, 3, 3, 3]
[4, 7, 7, 11, 12]
[1, 1, 1, 1, 1]
[7, 7, 7, 7, 7]
[1, 1, 1, 1, 1]
[1, 1, 2, 2, 2]
[1, 1, 1, 1, 1]
[3, 3, 3, 3, 3]
[3, 3, 3, 3, 3]
[2, 2, 2, 2, 2]
[1, 1, 1, 2, 2]
[6, 6, 7, 9, 9]
[1, 2, 2, 4, 4]
[4, 6, 6, 6, 6]
[1, 1, 1, 1, 1]
[3, 3, 3, 3, 3]
[6, 6, 6, 6, 6]
[4, 5, 5, 5, 5]
[3, 3, 3, 3, 3]
[1, 1, 1, 1, 1]
[1, 1, 1, 1, 1]
[1, 1, 1, 1, 2]
[3, 5, 6, 7, 9]
[2, 2, 2, 2, 3]
[6, 6, 7, 8, 9]
[7, 8, 9, 10, 10]
[6, 6, 6, 6, 6]
[1, 1, 1, 1, 1]
[4, 5, 6, 6, 8]
[1, 2, 2, 2, 2]
[1, 1, 1, 1, 1]
[1, 2, 5, 5, 5]
[1, 1, 2, 2, 2]
[1, 1, 1, 1, 1]
[1, 1, 1, 1, 1]
[1, 3, 5, 12, 16]
[2, 2, 2, 2, 2]
[1, 2, 2, 2, 2]
[1, 2, 3, 3, 3]
[1, 1, 1, 2, 3]
[1, 1, 1, 2, 2]
[1, 1, 1, 1, 1]
[2, 2, 2, 2, 2]
[1, 1, 1, 1, 1]
[7, 7, 7, 7, 7]
[1, 1, 1, 1, 1]
[5, 5, 5, 5, 6]
[1, 1, 1, 1, 1]
[4, 4, 4, 4, 4]
[4, 5, 5, 5, 5]
[3, 3, 3, 3, 3]
[3, 4, 5, 5, 5]
[2, 2, 2, 2, 2]
[3, 3, 4, 6, 7]
[5, 5, 5, 6, 6]
[2, 4, 4, 4, 4]
[6, 7, 10, 16, 17]
[6, 8, 13, 18, 27]
[1, 2, 2, 2, 2]
[1, 1, 1, 1, 1]
[1, 2, 2, 2, 2]
[5, 6, 7, 8, 8]
[1, 2, 2, 2, 4]
[6, 6, 7, 7, 7]
[1, 2, 2, 2, 2]
[7, 7, 7, 7, 7]
[7, 9, 12, 12, 12]
[1, 1, 1, 1, 1]
[2, 2, 3, 3, 3]
[1, 1, 1, 2, 2]
[3, 3, 3, 3, 3]
[2, 3, 6, 10, 11]
[3, 3, 3, 3, 5]
[4, 5, 5, 5, 5]
[1, 1, 1, 1, 1]
[1, 1, 1, 1, 1]
[1, 1, 1, 1, 1]
[2, 2, 3, 4, 4]
[1, 1, 1, 1, 1]
[2, 3, 3, 3, 3]
[6, 7, 7, 7, 7]
[1, 1, 1, 1, 1]
[7, 10, 12, 14, 16]
[1, 1, 1, 1, 1]
[2, 2, 2, 2, 2]
[2, 3, 3, 3, 3]
[1, 3, 3, 6, 7]
[3, 6, 6, 9, 9]
[1, 1, 1, 1, 1]
[7, 9, 11, 11, 12]
[6, 6, 6, 7, 7]
[1, 1, 1, 1, 1]
[4, 4, 4, 4, 4]
[5, 7, 7, 7, 7]
[5, 10, 12, 16, 19]
[6, 6, 8, 9, 9]
[7, 8, 9, 11, 11]
[1, 1, 1, 1, 1]
[1, 1, 1, 1, 1]
[1, 1, 1, 1, 1]
[4, 4, 4, 6, 7]
[4, 4, 4, 4, 4]
[1, 1, 1, 1, 1]
[7, 8, 13, 17, 18]
[1, 1, 1, 1, 1]
[6, 6, 6, 6, 6]
[7, 9, 13, 18, 21]
[7, 7, 7, 7, 8]
[6, 9, 17, 24, 37]
[2, 3, 3, 3, 3]
[5, 12, 13, 16, 16]
[2, 2, 3, 3, 3]
[1, 1, 2, 3, 6]
[7, 7, 9, 10, 10]
[1, 1, 1, 1, 2]
[6, 6, 6, 6, 6]
[1, 1, 1, 1, 1]
[1, 1, 1, 1, 3]
[1, 1, 1, 1, 1]
[1, 2, 3, 3, 3]
[1, 1, 1, 1, 1]
[1, 1, 1, 2, 2]
[7, 7, 7, 7, 8]
[1, 1, 3, 3, 4]
[7, 8, 9, 10, 10]
[6, 6, 8, 8, 8]
[3, 4, 5, 5, 7]
[1, 1, 1, 1, 1]
[1, 1, 1, 1, 2]
[6, 6, 6, 6, 6]
[5, 6, 6, 6, 6]
[1, 1, 1, 1, 2]
[5, 5, 5, 5, 5]
[5, 6, 7, 7, 8]
[1, 1, 1, 2, 2]
[7, 10, 10, 10, 10]
[4, 4, 5, 5, 5]
[1, 1, 1, 1, 1]
[7, 7, 7, 7, 7]
[1, 1, 1, 1, 1]
[1, 1, 3, 3, 3]
[6, 15, 27, 29, 31]
[2, 2, 2, 2, 2]
[1, 1, 1, 1, 1]
[1, 1, 1, 1, 1]
[1, 1, 1, 1, 1]
[4, 5, 6, 7, 11]
[1, 1, 1, 1, 1]
[7, 7, 7, 7, 7]
[3, 4, 5, 5, 5]
[1, 1, 1, 1, 1]
[1, 1, 1, 1, 1]
[4, 4, 4, 4, 4]
[1, 1, 1, 1, 1]
[5, 6, 6, 6, 6]
[4, 4, 6, 6, 6]
[1, 1, 1, 1, 2]
[1, 1, 1, 2, 2]
[1, 1, 1, 1, 1]
[1, 1, 1, 3, 5]
[1, 2, 3, 4, 6]
[1, 1, 1, 1, 1]
[1, 1, 1, 1, 1]
[1, 1, 1, 1, 1]
[2, 2, 2, 2, 3]
[1, 1, 1, 1, 1]
[2, 2, 2, 3, 3]
[7, 7, 7, 8, 9]
[6, 6, 7, 9, 10]
[1, 2, 2, 2, 2]
[1, 2, 3, 3, 3]
[5, 5, 5, 5, 5]
[5, 6, 7, 7, 7]
[4, 4, 5, 6, 7]
[1, 2, 2, 2, 2]
[7, 7, 7, 7, 7]
[3, 3, 3, 3, 3]
[6, 6, 6, 6, 6]
[1, 1, 1, 1, 1]
[3, 3, 3, 4, 4]
[4, 4, 6, 6, 6]
[6, 6, 6, 7, 7]
[1, 1, 1, 1, 1]
[4, 4, 4, 4, 4]
[1, 1, 1, 1, 1]
[1, 2, 2, 2, 2]
[1, 1, 2, 4, 5]
[1, 1, 1, 1, 1]
[1, 1, 1, 1, 1]
[1, 1, 1, 1, 3]
[1, 1, 1, 2, 2]
[1, 2, 3, 5, 7]
[1, 1, 1, 1, 1]
[1, 2, 2, 2, 3]
[6, 6, 6, 6, 6]
[1, 1, 1, 1, 1]
[1, 1, 1, 1, 1]
[2, 3, 4, 6, 6]
[1, 1, 1, 1, 1]
[1, 1, 2, 2, 2]
[4, 4, 4, 4, 4]
[1, 1, 1, 2, 2]
[1, 2, 2, 2, 2]
[4, 6, 7, 8, 8]
[5, 5, 6, 6, 7]
[6, 6, 7, 8, 8]
[5, 7, 7, 8, 8]
[3, 4, 5, 5, 5]
[3, 4, 5, 5, 5]
[6, 6, 6, 6, 6]
[2, 2, 2, 2, 3]
[1, 2, 2, 3, 3]
[2, 3, 3, 3, 3]
[6, 7, 10, 10, 10]
[3, 3, 3, 3, 3]
[1, 1, 1, 1, 1]
[4, 5, 5, 5, 5]
[2, 2, 2, 2, 2]
[2, 2, 3, 3, 3]
[1, 1, 1, 1, 1]
[6, 6, 6, 6, 6]
[7, 8, 8, 8, 9]
[1, 1, 1, 1, 2]
[6, 8, 9, 9, 9]
[2, 2, 2, 3, 3]
[5, 7, 7, 7, 9]
[2, 2, 2, 2, 2]
[1, 1, 1, 1, 1]
[1, 1, 1, 1, 1]
[7, 8, 8, 8, 8]
[4, 8, 8, 10, 13]
[4, 4, 5, 5, 5]
[6, 6, 6, 6, 6]
[1, 1, 1, 1, 1]
[2, 2, 2, 2, 2]
[1, 1, 1, 1, 1]
[1, 1, 1, 1, 1]
[1, 1, 2, 2, 2]
[1, 1, 1, 1, 1]
[4, 4, 8, 8, 8]
[1, 2, 2, 2, 2]
[4, 4, 5, 5, 6]
[5, 6, 6, 7, 7]
[5, 5, 5, 5, 6]
[1, 1, 1, 1, 1]
[1, 2, 5, 7, 8]
[3, 3, 3, 3, 4]
[6, 6, 6, 6, 7]
[3, 3, 3, 4, 4]
[7, 12, 17, 18, 23]
[1, 1, 1, 1, 1]
[2, 2, 2, 2, 3]
[6, 6, 7, 8, 8]
[1, 1, 1, 1, 1]
[3, 3, 4, 5, 6]
[2, 2, 3, 3, 3]
[1, 1, 1, 1, 1]
[4, 6, 6, 6, 6]
[5, 7, 9, 10, 10]
[1, 1, 1, 1, 1]
[1, 1, 3, 3, 3]
[1, 1, 1, 1, 1]
[6, 6, 8, 8, 9]
[4, 9, 11, 16, 18]
[2, 2, 2, 2, 2]
[5, 5, 5, 5, 5]
[2, 7, 8, 13, 13]
[1, 2, 2, 2, 2]
[1, 1, 1, 1, 2]
[2, 2, 2, 2, 2]
[1, 2, 3, 6, 6]
[1, 1, 1, 1, 1]
[2, 3, 3, 3, 3]
[6, 6, 6, 6, 6]
[1, 1, 1, 1, 1]
[1, 1, 1, 1, 1]
[6, 6, 6, 6, 6]
[3, 4, 4, 5, 5]
[1, 1, 1, 1, 1]
[6, 6, 6, 6, 7]
[1, 1, 1, 1, 1]
[6, 6, 6, 6, 6]
[6, 6, 6, 6, 7]
[1, 1, 1, 1, 1]
[1, 1, 3, 4, 4]
[1, 1, 1, 1, 1]
[6, 7, 9, 13, 15]
[6, 6, 7, 9, 9]
[6, 7, 7, 7, 7]
[3, 3, 5, 5, 5]
[7, 9, 12, 16, 21]
[6, 6, 9, 9, 9]
[1, 1, 1, 2, 3]
[5, 7, 10, 13, 16]
[4, 4, 4, 4, 4]
[4, 4, 4, 4, 6]
[2, 2, 2, 2, 2]
[1, 1, 2, 2, 2]
[5, 6, 6, 7, 7]
[1, 1, 1, 1, 1]
[1, 2, 2, 2, 2]
[1, 1, 1, 1, 1]
[3, 4, 5, 7, 7]
[4, 8, 11, 17, 19]
[5, 7, 7, 8, 8]
[1, 2, 2, 2, 2]
[1, 1, 1, 1, 1]
[1, 1, 1, 1, 1]
[7, 9, 10, 12, 13]
[5, 6, 8, 9, 9]
[7, 7, 7, 7, 8]
[3, 5, 8, 9, 10]
[2, 2, 2, 2, 2]
[2, 2, 2, 2, 2]
[1, 1, 1, 1, 2]
[3, 3, 3, 3, 3]
[5, 6, 7, 7, 8]
[1, 1, 1, 1, 2]
[6, 9, 11, 11, 13]
[1, 1, 2, 2, 2]
[1, 1, 1, 1, 1]
[1, 1, 1, 1, 1]
[7, 7, 7, 7, 7]
[3, 4, 4, 6, 6]
[1, 1, 1, 1, 1]
[5, 5, 6, 6, 6]
[1, 1, 2, 3, 4]
[7, 7, 9, 10, 10]
[1, 1, 1, 1, 1]
[3, 3, 3, 3, 3]
[5, 6, 7, 8, 8]
[5, 7, 7, 8, 8]
[1, 1, 4, 4, 4]
[1, 1, 1, 1, 2]
[1, 2, 2, 2, 2]
[1, 1, 1, 2, 3]
[1, 1, 1, 1, 1]
[1, 1, 3, 4, 4]
[1, 1, 1, 1, 1]
[4, 5, 5, 5, 5]
[1, 2, 2, 2, 2]
[1, 1, 1, 1, 2]
[1, 1, 1, 1, 1]
[2, 3, 4, 4, 4]
[1, 2, 3, 3, 5]
[6, 7, 7, 7, 7]
[1, 1, 1, 1, 1]
[7, 7, 10, 12, 13]
[4, 6, 6, 6, 6]
[5, 6, 9, 10, 10]
[1, 2, 5, 5, 6]
[2, 3, 3, 3, 3]
[3, 3, 4, 4, 4]
[5, 6, 6, 6, 6]
[3, 3, 4, 5, 5]
[1, 1, 1, 1, 1]
[1, 1, 1, 1, 1]
[1, 1, 2, 2, 2]
[5, 5, 5, 5, 5]
[7, 12, 22, 27, 32]
[1, 2, 3, 3, 3]
[1, 1, 1, 1, 1]
[4, 5, 5, 9, 10]
[1, 1, 2, 4, 5]
[1, 2, 4, 5, 5]
[1, 1, 1, 1, 1]
[1, 1, 1, 1, 1]
[4, 5, 5, 6, 7]
[5, 6, 6, 6, 8]
[1, 1, 1, 1, 1]
[1, 1, 1, 1, 1]
[1, 1, 1, 1, 1]
[3, 4, 7, 8, 8]
[6, 7, 9, 9, 9]
[5, 5, 5, 5, 6]
[6, 7, 9, 9, 10]
[1, 1, 1, 2, 2]
[4, 5, 6, 7, 7]
[1, 1, 1, 2, 2]
[1, 1, 1, 1, 1]
[1, 1, 1, 1, 2]
[1, 1, 1, 1, 1]
[1, 1, 1, 1, 1]
[3, 3, 3, 3, 3]
[6, 7, 8, 8, 8]
[1, 3, 7, 8, 9]
[1, 1, 1, 1, 1]
[1, 1, 1, 1, 1]
[1, 1, 1, 1, 1]
[4, 4, 4, 4, 4]
[1, 1, 1, 1, 1]
[7, 7, 7, 7, 8]
[1, 1, 1, 1, 1]
[2, 3, 3, 3, 3]
[1, 1, 1, 1, 1]
[1, 1, 1, 1, 1]
[4, 4, 4, 4, 4]
[1, 1, 1, 1, 2]
[2, 2, 2, 3, 4]
[5, 10, 28, 61, 114]
[4, 4, 4, 5, 5]
[1, 2, 3, 5, 7]
[1, 1, 1, 1, 2]
[1, 1, 1, 1, 1]
[4, 4, 4, 4, 4]
[1, 1, 1, 1, 2]
[5, 9, 13, 16, 19]
[3, 3, 3, 3, 4]
[1, 1, 1, 1, 1]
[1, 1, 1, 1, 2]
[4, 5, 7, 8, 8]
[1, 1, 1, 2, 2]
[1, 1, 1, 1, 1]
[1, 1, 1, 1, 1]
[2, 2, 2, 2, 4]
[1, 1, 1, 1, 1]
[1, 1, 1, 1, 1]
[1, 1, 1, 1, 1]
[3, 3, 3, 3, 3]
[1, 1, 1, 1, 1]
[6, 9, 12, 13, 14]
[7, 7, 7, 7, 7]
[5, 6, 8, 8, 8]
[7, 7, 7, 7, 7]
[1, 1, 1, 1, 1]
[1, 2, 2, 2, 2]
[3, 3, 3, 3, 3]
[1, 1, 3, 3, 3]
[4, 8, 11, 12, 13]
[1, 1, 1, 1, 1]
[2, 2, 4, 4, 4]
[1, 2, 2, 2, 2]
[4, 4, 4, 4, 4]
[1, 2, 2, 2, 2]
[4, 4, 4, 4, 4]
[1, 1, 2, 2, 2]
[5, 7, 10, 12, 13]
[6, 6, 7, 8, 9]
[5, 5, 5, 5, 6]
[1, 2, 2, 2, 2]
[4, 4, 5, 8, 8]
[1, 1, 1, 1, 1]
[1, 1, 1, 1, 1]
[2, 2, 2, 2, 2]
[1, 1, 1, 1, 1]
[2, 2, 2, 2, 2]
[1, 1, 1, 2, 3]
[6, 6, 7, 7, 7]
[5, 5, 5, 5, 5]
[1, 1, 1, 1, 1]
[2, 2, 2, 2, 2]
[1, 1, 1, 1, 1]
[5, 5, 6, 7, 7]
[1, 2, 2, 2, 2]
[4, 8, 9, 10, 10]
[4, 4, 4, 4, 5]
[1, 2, 2, 2, 2]
[4, 5, 6, 6, 6]
[1, 2, 2, 2, 2]
[1, 1, 1, 1, 1]
[1, 1, 1, 1, 1]
[4, 4, 4, 4, 4]
[1, 3, 4, 6, 6]
[1, 2, 4, 4, 4]
[5, 7, 8, 10, 10]
[1, 1, 1, 1, 1]
[2, 3, 3, 3, 3]
[2, 2, 2, 2, 2]
[7, 10, 12, 16, 18]
[2, 4, 5, 9, 10]
[1, 1, 1, 1, 1]
[7, 8, 10, 13, 14]
[1, 1, 1, 1, 1]
[7, 7, 9, 10, 11]
[1, 1, 1, 1, 1]
[7, 8, 9, 10, 11]
[1, 1, 1, 1, 1]
[7, 10, 14, 19, 22]
[1, 1, 1, 1, 1]
[1, 1, 1, 1, 1]
[5, 5, 6, 6, 6]
[1, 1, 1, 1, 1]
[1, 1, 1, 1, 1]
[1, 2, 2, 2, 2]
[1, 1, 1, 1, 1]
[5, 5, 6, 6, 7]
[1, 3, 4, 6, 10]
[1, 2, 3, 4, 4]
[1, 1, 1, 1, 1]
[6, 7, 10, 13, 13]
[1, 1, 1, 2, 2]
[2, 2, 2, 2, 3]
[1, 1, 1, 1, 1]
[7, 9, 11, 12, 14]
[7, 7, 9, 15, 15]
[1, 1, 1, 1, 1]
[2, 3, 4, 4, 5]
[1, 1, 1, 1, 1]
[5, 6, 8, 10, 10]
[1, 1, 1, 1, 1]
[6, 6, 6, 6, 6]
[7, 9, 11, 11, 11]
[5, 5, 5, 5, 5]
[4, 5, 7, 7, 7]
[5, 5, 5, 5, 5]
[2, 2, 2, 3, 3]
[4, 4, 6, 8, 11]
[4, 7, 8, 8, 8]
[5, 11, 13, 15, 17]
[6, 8, 8, 8, 9]
[7, 7, 7, 9, 9]
[1, 1, 1, 1, 1]
[1, 1, 1, 1, 1]
[2, 2, 3, 3, 3]
[6, 8, 8, 8, 8]
[1, 1, 1, 1, 2]
[2, 2, 2, 2, 2]
[4, 7, 7, 7, 7]
[1, 1, 1, 3, 4]
[1, 2, 2, 2, 3]
[5, 7, 7, 7, 7]
[1, 1, 1, 1, 1]
[1, 1, 1, 2, 2]
[5, 7, 8, 8, 9]
[6, 6, 6, 6, 6]
[2, 2, 2, 2, 2]
[1, 1, 1, 1, 1]
[2, 4, 5, 7, 9]
[1, 2, 2, 2, 2]
[5, 5, 6, 7, 7]
[5, 8, 8, 10, 10]
[1, 1, 1, 1, 1]
[1, 1, 1, 1, 1]
[2, 2, 2, 3, 3]
[1, 1, 1, 2, 3]
[1, 1, 2, 3, 4]
[1, 1, 1, 1, 1]
[5, 6, 6, 7, 10]
[1, 1, 1, 1, 1]
[1, 1, 1, 1, 1]
[4, 5, 7, 7, 7]
[1, 1, 1, 1, 1]
[7, 8, 8, 8, 8]
[5, 8, 11, 12, 14]
[1, 1, 1, 2, 2]
[6, 7, 7, 7, 7]
[5, 5, 5, 5, 5]
[7, 7, 7, 7, 7]
[1, 1, 1, 1, 1]
[1, 1, 1, 1, 1]
[1, 1, 1, 1, 1]
[4, 4, 4, 4, 4]
[3, 3, 3, 3, 4]
[1, 1, 1, 1, 1]
[1, 1, 1, 1, 1]
[7, 10, 11, 11, 11]
[5, 5, 6, 7, 9]
[6, 6, 8, 8, 8]
[1, 1, 1, 1, 1]
[1, 1, 1, 1, 2]
[3, 4, 5, 5, 6]
[1, 2, 2, 2, 2]
[2, 2, 3, 4, 6]
[7, 7, 7, 7, 8]
[1, 1, 1, 1, 2]
[1, 1, 1, 1, 1]
[6, 6, 6, 6, 6]
[2, 2, 2, 2, 2]
[1, 1, 1, 1, 1]
[3, 7, 10, 14, 14]
[6, 6, 6, 6, 6]
[3, 4, 9, 12, 18]
[2, 2, 3, 3, 3]
[1, 1, 1, 2, 2]
[6, 6, 6, 6, 6]
[7, 7, 7, 8, 8]
[6, 6, 7, 7, 7]
[5, 5, 9, 9, 9]
[1, 1, 1, 1, 1]
[5, 5, 7, 7, 8]
[4, 4, 4, 5, 5]
[1, 1, 1, 1, 1]
[1, 1, 1, 3, 3]
[3, 3, 5, 6, 6]
[1, 1, 1, 1, 1]
[5, 6, 6, 7, 7]
[6, 8, 10, 10, 12]
[1, 1, 2, 2, 2]
[1, 1, 1, 1, 1]
[3, 3, 3, 3, 4]
[1, 1, 1, 1, 1]
[2, 4, 6, 7, 7]
[2, 2, 3, 3, 3]
[1, 1, 1, 1, 2]
[5, 6, 6, 6, 7]
[1, 1, 2, 2, 2]
[5, 5, 6, 6, 6]
[1, 4, 8, 13, 14]
[7, 8, 8, 9, 10]
[1, 1, 1, 1, 1]
[3, 5, 6, 7, 7]
[1, 1, 1, 1, 1]
[4, 6, 6, 6, 8]
[1, 2, 4, 7, 9]
[1, 1, 1, 1, 1]
[1, 1, 1, 1, 1]
[7, 8, 8, 8, 8]
[1, 1, 1, 1, 1]
[1, 2, 2, 2, 3]
[1, 1, 1, 1, 2]
[7, 7, 7, 7, 7]
[7, 7, 7, 7, 7]
[1, 1, 1, 1, 2]
[1, 1, 1, 2, 2]
[6, 7, 9, 11, 11]
[4, 4, 4, 4, 5]
[6, 7, 7, 8, 10]
[3, 3, 5, 6, 6]
[3, 3, 4, 4, 4]
[2, 2, 3, 3, 4]
[2, 2, 2, 2, 2]
[1, 1, 1, 1, 1]
[1, 2, 4, 5, 5]
[2, 2, 2, 2, 2]
[2, 2, 2, 2, 2]
[1, 1, 1, 1, 1]
[2, 2, 3, 5, 5]
[4, 4, 5, 6, 7]
[2, 2, 2, 2, 2]
[1, 1, 1, 1, 1]
[3, 3, 3, 4, 5]
[1, 1, 1, 1, 2]
[1, 1, 1, 1, 1]
[7, 8, 9, 12, 14]
[1, 1, 1, 1, 1]
[1, 1, 3, 3, 3]
[1, 1, 1, 1, 1]
[1, 5, 10, 11, 13]
[2, 3, 3, 3, 3]
[1, 1, 1, 2, 2]
[1, 4, 4, 4, 4]
[5, 6, 7, 7, 7]
[3, 5, 6, 7, 8]
[3, 4, 4, 4, 4]
[1, 1, 1, 1, 1]
[1, 2, 4, 4, 5]
[1, 3, 3, 3, 5]
[7, 7, 8, 8, 8]
[1, 1, 2, 2, 2]
[1, 4, 7, 13, 18]
[1, 1, 1, 1, 1]
[1, 1, 2, 2, 2]
[1, 2, 3, 3, 3]
[1, 1, 1, 1, 1]
[1, 1, 1, 1, 1]
[1, 1, 1, 1, 1]
[6, 7, 9, 10, 12]
[1, 1, 1, 1, 1]
[2, 2, 2, 2, 2]
[1, 1, 1, 1, 1]
[5, 10, 11, 12, 13]
[1, 1, 1, 1, 1]
[1, 2, 2, 2, 2]
[1, 1, 1, 1, 1]
[1, 1, 3, 4, 5]
[6, 6, 7, 7, 11]
[1, 2, 2, 2, 2]
[6, 6, 7, 7, 7]
[5, 5, 5, 6, 7]
[6, 7, 9, 9, 9]
[6, 9, 10, 11, 13]
[3, 3, 3, 3, 3]
[1, 2, 2, 2, 4]
[1, 2, 2, 2, 2]
[3, 6, 9, 10, 10]
[1, 3, 4, 5, 5]
[6, 6, 6, 7, 7]
[1, 1, 1, 1, 1]
[5, 6, 6, 6, 6]
[2, 4, 9, 11, 13]
[6, 6, 6, 6, 6]
[1, 1, 1, 1, 1]
[1, 2, 2, 3, 4]
[3, 4, 5, 5, 5]
[1, 1, 1, 1, 1]
[1, 1, 1, 1, 1]
[1, 1, 1, 1, 1]
[3, 3, 4, 4, 4]
[1, 1, 3, 4, 5]
[1, 1, 1, 1, 1]
[1, 1, 2, 2, 2]
[4, 4, 4, 6, 6]
[6, 6, 6, 6, 6]
[1, 1, 2, 2, 2]
[1, 1, 1, 1, 1]
[4, 4, 5, 5, 5]
[5, 5, 5, 6, 6]
[1, 1, 1, 1, 1]
[6, 6, 6, 6, 6]
[7, 7, 7, 7, 7]
[2, 2, 4, 6, 7]
[1, 2, 3, 3, 3]
[2, 2, 3, 3, 3]
[4, 4, 5, 5, 5]
[1, 1, 1, 1, 1]
[6, 7, 7, 8, 8]
[2, 2, 2, 3, 4]
[1, 1, 1, 1, 1]
[1, 2, 2, 2, 2]
[4, 5, 5, 5, 5]
[4, 4, 5, 5, 5]
[6, 8, 8, 10, 14]
[1, 1, 1, 1, 1]
[1, 2, 2, 3, 3]
[7, 7, 7, 7, 7]
[1, 1, 1, 1, 2]
[1, 1, 1, 1, 1]
[1, 1, 1, 1, 1]
[1, 1, 1, 1, 1]
[1, 1, 1, 1, 1]
[7, 7, 8, 10, 14]
[2, 2, 3, 4, 5]
[2, 6, 8, 13, 15]
[2, 3, 3, 7, 7]
[1, 1, 1, 2, 2]
[1, 1, 2, 2, 2]
[1, 2, 2, 3, 3]
[4, 5, 5, 5, 6]
[1, 1, 1, 1, 1]
[5, 5, 5, 5, 5]
[5, 6, 9, 9, 9]
[2, 2, 3, 3, 3]
[1, 1, 3, 3, 3]
[1, 1, 1, 1, 1]
[1, 2, 2, 2, 2]
[3, 3, 3, 3, 3]
[1, 1, 1, 1, 1]
[1, 1, 1, 1, 2]
[1, 1, 2, 2, 2]
[6, 6, 8, 8, 11]
[6, 9, 9, 9, 11]
[7, 8, 8, 9, 9]
[6, 7, 9, 9, 11]
[5, 8, 15, 18, 22]
[2, 2, 2, 2, 2]
[6, 7, 7, 7, 7]
[5, 5, 6, 7, 7]
[7, 9, 14, 15, 16]
[3, 3, 3, 3, 3]
[1, 1, 1, 1, 1]
[1, 1, 1, 1, 1]
[1, 1, 1, 1, 1]
[1, 2, 2, 3, 3]
[1, 1, 2, 2, 3]
[1, 1, 1, 1, 1]
[1, 1, 1, 1, 1]
[1, 1, 1, 1, 1]
[6, 6, 6, 7, 7]
[7, 7, 7, 7, 7]
[2, 2, 2, 3, 3]
[1, 1, 1, 1, 1]
[1, 1, 1, 1, 1]
[1, 1, 1, 3, 4]
[1, 1, 1, 1, 1]
[7, 7, 7, 7, 7]
[3, 3, 4, 4, 5]
[7, 7, 7, 7, 7]
[1, 1, 1, 1, 1]
[1, 1, 1, 1, 1]
[6, 6, 6, 6, 6]
[6, 6, 6, 6, 6]
[5, 5, 5, 6, 6]
[1, 1, 1, 2, 2]
[7, 7, 8, 8, 9]
[1, 1, 1, 1, 1]
[2, 2, 3, 3, 3]
[1, 1, 1, 1, 1]
[2, 3, 5, 5, 5]
[6, 9, 10, 11, 14]
[2, 2, 3, 4, 4]
[1, 1, 1, 1, 1]
[2, 2, 2, 2, 2]
[1, 3, 4, 9, 9]
[1, 1, 1, 1, 1]
[1, 7, 11, 13, 16]
[1, 1, 3, 3, 4]
[1, 1, 1, 1, 1]
[1, 1, 1, 1, 1]
[1, 1, 3, 4, 4]
[2, 5, 8, 11, 12]
[1, 1, 1, 1, 1]
[1, 2, 2, 2, 2]
[1, 1, 1, 1, 1]
[6, 6, 7, 7, 7]
[7, 8, 8, 8, 8]
[6, 8, 9, 11, 13]
[1, 2, 2, 3, 5]
[6, 6, 6, 6, 6]
[6, 7, 11, 13, 14]
[1, 1, 1, 1, 1]
[5, 27, 44, 54, 66]
[6, 7, 8, 10, 13]
[3, 3, 3, 4, 5]
[3, 4, 4, 5, 6]
[7, 7, 7, 8, 8]
[1, 2, 2, 2, 2]
[1, 1, 2, 3, 3]
[1, 2, 3, 3, 3]
[1, 1, 1, 1, 1]
[6, 9, 16, 22, 28]
[3, 3, 4, 5, 5]
[1, 1, 1, 1, 1]
[7, 9, 10, 11, 11]
[3, 6, 7, 9, 10]
[3, 3, 3, 4, 4]
[1, 2, 2, 2, 2]
[1, 1, 1, 1, 1]
[1, 2, 2, 2, 2]
[2, 2, 3, 3, 3]
[1, 1, 1, 1, 1]
[1, 1, 1, 1, 1]
[4, 4, 6, 9, 9]
[7, 8, 9, 10, 10]
[3, 3, 4, 4, 4]
[1, 1, 2, 2, 2]
[1, 1, 1, 2, 2]
[1, 1, 1, 1, 1]
[2, 2, 2, 3, 3]
[2, 2, 2, 2, 2]
[2, 2, 3, 4, 4]
[6, 6, 6, 6, 6]
[3, 4, 4, 5, 5]
[7, 7, 8, 9, 11]
[6, 7, 7, 10, 11]
[1, 1, 1, 1, 1]
[1, 2, 2, 2, 2]
[1, 1, 1, 2, 3]
[1, 4, 4, 5, 5]
[3, 4, 4, 4, 4]
[1, 1, 1, 1, 1]
[1, 1, 1, 1, 1]
[7, 9, 10, 10, 10]
[1, 1, 1, 1, 1]
[1, 1, 1, 1, 1]
[6, 6, 6, 7, 8]
[7, 7, 9, 9, 9]
[1, 1, 1, 2, 2]
[1, 2, 2, 2, 2]
[3, 3, 3, 3, 4]
[1, 1, 1, 1, 1]
[1, 1, 1, 2, 2]
[1, 1, 2, 2, 2]
[1, 1, 1, 1, 1]
[2, 2, 2, 2, 2]
[1, 1, 2, 3, 4]
[1, 2, 2, 2, 4]
[1, 1, 1, 1, 1]
[7, 9, 15, 17, 19]
[1, 1, 1, 2, 2]
[5, 7, 8, 10, 11]
[1, 1, 1, 1, 1]
[4, 4, 6, 6, 6]
[4, 4, 4, 4, 4]
[1, 2, 3, 3, 3]
[1, 1, 1, 1, 1]
[1, 1, 1, 1, 1]
[3, 3, 3, 3, 3]
[3, 5, 6, 6, 6]
[4, 4, 5, 5, 5]
[6, 6, 7, 9, 11]
[1, 1, 1, 1, 1]
[2, 2, 2, 2, 2]
[2, 2, 2, 2, 2]
[1, 1, 1, 1, 1]
[2, 2, 2, 2, 2]
[3, 3, 4, 4, 4]
[1, 1, 1, 1, 1]
[1, 1, 1, 1, 1]
[1, 1, 2, 2, 3]
[5, 5, 5, 5, 5]
[7, 9, 11, 13, 15]
[7, 7, 7, 7, 7]
[5, 6, 7, 7, 7]
[6, 7, 11, 15, 16]
[4, 4, 4, 4, 4]
[6, 12, 21, 24, 28]
[5, 8, 10, 12, 14]
[1, 1, 1, 1, 1]
[6, 7, 9, 13, 13]
[2, 2, 2, 2, 2]
[7, 9, 12, 14, 14]
[1, 1, 1, 1, 1]
[4, 5, 5, 5, 6]
[4, 6, 8, 8, 9]
[1, 9, 11, 14, 16]
[2, 2, 2, 4, 4]
[1, 1, 1, 1, 1]
[1, 1, 2, 3, 3]
[2, 2, 2, 2, 2]
[3, 3, 3, 3, 3]
[7, 7, 8, 8, 8]
[1, 1, 1, 1, 2]
[5, 5, 5, 5, 5]
[1, 1, 1, 1, 2]
[7, 7, 9, 10, 10]
[6, 6, 6, 8, 8]
[2, 2, 2, 2, 2]
[6, 7, 9, 11, 11]
[4, 4, 5, 7, 7]
[7, 8, 8, 8, 8]
[1, 1, 1, 1, 1]
[4, 8, 14, 20, 26]
[1, 1, 2, 2, 3]
[1, 1, 1, 1, 1]
[1, 1, 1, 1, 1]
[1, 3, 3, 3, 3]
[1, 1, 1, 1, 2]
[1, 1, 2, 2, 2]
[1, 2, 2, 2, 2]
[1, 1, 1, 1, 1]
[6, 10, 12, 17, 21]
[1, 2, 2, 4, 5]
[1, 1, 1, 1, 1]
[3, 4, 5, 6, 8]
[1, 1, 1, 1, 1]
[3, 4, 7, 8, 9]
[1, 1, 1, 2, 2]
[6, 7, 7, 7, 7]
[1, 1, 2, 2, 2]
[1, 1, 1, 1, 2]
[1, 1, 1, 1, 1]
[3, 3, 3, 3, 4]
[5, 5, 5, 5, 5]
[5, 5, 5, 5, 5]
[1, 3, 4, 5, 6]
[4, 5, 6, 9, 10]
[6, 7, 7, 7, 7]
[7, 8, 8, 8, 8]
[1, 1, 1, 1, 1]
[4, 5, 5, 6, 8]
[1, 1, 1, 1, 1]
[3, 3, 3, 3, 3]
[1, 1, 1, 1, 1]
[1, 2, 2, 2, 2]
[1, 1, 1, 1, 1]
[1, 1, 1, 2, 2]
[7, 7, 7, 7, 8]
[4, 4, 4, 4, 4]
[1, 1, 1, 2, 4]
[3, 3, 3, 3, 3]
[5, 8, 9, 10, 10]
[1, 2, 4, 5, 5]
[1, 1, 2, 2, 2]
[1, 4, 4, 4, 4]
[1, 1, 1, 1, 1]
[1, 2, 3, 3, 3]
[1, 1, 1, 1, 1]
[1, 3, 5, 6, 6]
[2, 2, 2, 2, 2]
[5, 8, 10, 10, 10]
[6, 8, 10, 12, 13]
[1, 3, 4, 5, 5]
[2, 2, 2, 2, 3]
[1, 1, 1, 1, 1]
[5, 8, 12, 17, 18]
[3, 3, 3, 3, 3]
[1, 1, 1, 1, 1]
[2, 2, 3, 3, 4]
[7, 13, 19, 25, 28]
[6, 6, 6, 6, 6]
[1, 2, 2, 2, 3]
[5, 18, 21, 22, 25]
[3, 3, 3, 3, 3]
[1, 2, 2, 2, 2]
[1, 1, 2, 2, 2]
[1, 1, 1, 1, 1]
[6, 6, 8, 8, 8]
[1, 2, 2, 3, 3]
[7, 8, 10, 10, 11]
[4, 4, 4, 4, 4]
[1, 1, 1, 1, 1]
[1, 1, 1, 1, 1]
[1, 1, 1, 1, 1]
[7, 10, 10, 10, 12]
[1, 2, 3, 4, 5]
[7, 9, 10, 12, 12]
[5, 5, 8, 10, 11]
[1, 1, 1, 1, 1]
[4, 5, 5, 5, 5]
[1, 1, 1, 1, 1]
[6, 7, 10, 10, 12]
[1, 1, 1, 1, 1]
[2, 2, 2, 2, 2]
[3, 3, 6, 6, 6]
[3, 3, 3, 3, 3]
[7, 9, 12, 12, 12]
[1, 1, 1, 1, 1]
[6, 6, 7, 7, 7]
[2, 2, 2, 3, 3]
[5, 5, 7, 9, 11]
[1, 1, 1, 1, 1]
[1, 1, 1, 1, 1]
[3, 4, 4, 4, 4]
[1, 1, 1, 1, 1]
[1, 1, 1, 1, 1]
[7, 7, 7, 7, 7]
[1, 1, 1, 1, 2]
[2, 2, 3, 3, 3]
[1, 1, 1, 1, 1]
[1, 1, 1, 1, 1]
[1, 1, 1, 1, 1]
[1, 1, 1, 1, 1]
[1, 1, 1, 1, 1]
[5, 5, 8, 9, 9]
[2, 2, 2, 2, 2]
[1, 1, 1, 1, 1]
[1, 1, 1, 1, 1]
[2, 3, 3, 3, 3]
[3, 4, 4, 4, 4]
[1, 1, 1, 1, 2]
[1, 1, 1, 1, 1]
[1, 1, 1, 1, 1]
[1, 3, 4, 4, 5]
[4, 5, 5, 6, 6]
[1, 1, 1, 1, 1]
[6, 7, 7, 8, 8]
[3, 6, 7, 8, 8]
[1, 1, 2, 2, 2]
[1, 1, 1, 1, 1]
[1, 1, 1, 1, 1]
[1, 1, 1, 1, 1]
[7, 8, 10, 12, 15]
[5, 6, 7, 9, 10]
[5, 5, 5, 5, 5]
[3, 3, 3, 3, 4]
[7, 7, 7, 7, 7]
[1, 1, 1, 1, 1]
[1, 2, 3, 3, 3]
[2, 3, 3, 3, 3]
[2, 6, 8, 9, 11]
[1, 1, 3, 3, 3]
[1, 1, 1, 1, 1]
[1, 1, 1, 1, 1]
[1, 1, 1, 1, 2]
[2, 2, 2, 2, 2]
[7, 7, 8, 8, 8]
[1, 2, 4, 4, 5]
[1, 1, 2, 2, 2]
[1, 1, 1, 1, 2]
[1, 1, 1, 1, 1]
[2, 2, 2, 2, 2]
[1, 1, 1, 1, 1]
[1, 1, 1, 1, 1]
[1, 1, 1, 1, 1]
[1, 1, 1, 1, 1]
[1, 1, 1, 1, 1]
[1, 1, 1, 1, 1]
[1, 1, 1, 1, 1]
[2, 2, 2, 2, 2]
[2, 2, 2, 2, 2]
[6, 6, 6, 7, 7]
[5, 5, 7, 8, 9]
[1, 1, 1, 1, 1]
[1, 1, 1, 1, 1]
[6, 6, 6, 7, 7]
[1, 1, 1, 1, 1]
[1, 2, 2, 2, 2]
[4, 4, 4, 4, 4]
[2, 4, 6, 8, 8]
[5, 6, 7, 10, 11]
[1, 1, 1, 1, 1]
[1, 1, 1, 1, 1]
[1, 7, 13, 17, 19]
[7, 7, 7, 7, 7]
[7, 11, 16, 20, 22]
[5, 5, 5, 5, 5]
[1, 1, 1, 1, 1]
[6, 8, 9, 11, 14]
[2, 2, 2, 2, 2]
[2, 2, 2, 2, 2]
[7, 7, 7, 8, 8]
[6, 9, 11, 12, 12]
[1, 1, 1, 1, 1]
[1, 1, 1, 2, 2]
[4, 4, 4, 5, 6]
[1, 1, 1, 1, 1]
[1, 1, 1, 2, 2]
[1, 1, 1, 1, 1]
[1, 1, 1, 1, 1]
[1, 1, 1, 1, 2]
[2, 2, 2, 3, 3]
[6, 12, 14, 18, 20]
[7, 8, 8, 8, 9]
[1, 3, 4, 5, 5]
[3, 3, 4, 5, 7]
[1, 1, 1, 1, 1]
[6, 10, 14, 17, 19]
[4, 4, 4, 5, 5]
[5, 7, 7, 8, 8]
[7, 9, 11, 11, 11]
[2, 3, 5, 8, 10]
[3, 4, 4, 4, 5]
[3, 7, 8, 9, 12]
[6, 6, 6, 6, 6]
[1, 1, 1, 3, 3]
[1, 1, 1, 1, 1]
[4, 4, 4, 4, 4]
[5, 6, 6, 6, 6]
[6, 6, 7, 9, 9]
[1, 1, 1, 1, 1]
[7, 8, 8, 8, 8]
[1, 1, 1, 1, 1]
[1, 1, 1, 2, 2]
[4, 4, 5, 7, 9]
[1, 2, 3, 3, 4]
[1, 1, 1, 1, 1]
[3, 3, 3, 3, 3]
[1, 1, 1, 1, 1]
[3, 3, 3, 3, 5]
[5, 5, 5, 5, 5]
[2, 3, 5, 5, 7]
[5, 5, 5, 7, 8]
[5, 5, 5, 6, 6]
[2, 2, 2, 2, 2]
[7, 8, 10, 11, 12]
[1, 1, 2, 4, 6]
[4, 4, 4, 5, 5]
[6, 6, 6, 6, 6]
[1, 1, 1, 1, 1]
[5, 6, 7, 8, 11]
[2, 7, 10, 14, 21]
[1, 1, 1, 1, 1]
[7, 9, 9, 9, 11]
[5, 5, 5, 6, 7]
[1, 1, 1, 1, 1]
[4, 5, 5, 6, 6]
[5, 6, 6, 6, 6]
[1, 1, 1, 1, 1]
[5, 7, 7, 7, 7]
[1, 1, 1, 1, 1]
[1, 1, 1, 1, 1]
[3, 4, 5, 5, 5]
[7, 7, 7, 7, 7]
[1, 1, 1, 1, 1]
[3, 3, 3, 3, 3]
[2, 2, 2, 2, 2]
[3, 4, 6, 6, 6]
[7, 12, 14, 17, 18]
[1, 1, 1, 1, 1]
[1, 1, 1, 1, 1]
[7, 8, 11, 11, 11]
[5, 6, 8, 8, 8]
[1, 1, 1, 1, 1]
[4, 4, 4, 4, 4]
[3, 4, 4, 6, 7]
[4, 11, 15, 18, 23]
[1, 1, 2, 2, 3]
[4, 4, 4, 4, 4]
[1, 1, 1, 1, 1]
[1, 1, 1, 1, 1]
[1, 1, 1, 1, 1]
[2, 2, 3, 3, 3]
[2, 2, 2, 3, 3]
[6, 7, 8, 8, 8]
[5, 6, 7, 8, 8]
[1, 1, 1, 1, 1]
[5, 11, 14, 16, 18]
[1, 1, 1, 1, 1]
[1, 1, 1, 1, 1]
[7, 7, 7, 7, 7]
[2, 2, 4, 4, 4]
[1, 1, 1, 2, 2]
[1, 1, 1, 2, 2]
[1, 3, 6, 10, 13]
[4, 4, 4, 4, 5]
[1, 1, 1, 1, 1]
[3, 3, 3, 3, 3]
[1, 1, 1, 1, 1]
[1, 1, 1, 1, 1]
[2, 2, 2, 2, 2]
[2, 2, 2, 2, 2]
[2, 4, 4, 5, 5]
[2, 4, 5, 5, 5]
[6, 6, 6, 7, 7]
[1, 1, 1, 1, 1]
[1, 1, 1, 1, 1]
[4, 7, 8, 8, 8]
[2, 4, 4, 4, 4]
[1, 1, 1, 2, 2]
[4, 4, 6, 9, 10]
[3, 4, 4, 4, 4]
[1, 1, 3, 6, 11]
[5, 5, 6, 6, 7]
[2, 4, 4, 6, 7]
[2, 2, 2, 2, 2]
[1, 2, 2, 2, 2]
[1, 1, 1, 1, 1]
[1, 1, 1, 1, 1]
[7, 7, 8, 8, 8]
[5, 5, 5, 5, 5]
[5, 6, 6, 6, 6]
[4, 4, 5, 5, 5]
[2, 2, 2, 2, 2]
[1, 1, 1, 1, 1]
[6, 7, 9, 9, 13]
[1, 2, 2, 2, 2]
[2, 2, 2, 2, 2]
[4, 7, 10, 10, 11]
[1, 1, 1, 1, 1]
[1, 4, 6, 7, 9]
[1, 1, 5, 5, 5]
[3, 3, 3, 4, 4]
[3, 4, 5, 5, 5]
[1, 1, 1, 1, 1]
[1, 1, 1, 1, 1]
[4, 5, 5, 5, 5]
[1, 1, 1, 2, 2]
[1, 2, 3, 3, 3]
[2, 2, 3, 4, 4]
[4, 5, 6, 6, 6]
[6, 6, 6, 6, 7]
[2, 2, 3, 3, 3]
[1, 1, 1, 1, 2]
[7, 9, 11, 11, 11]
[1, 1, 1, 2, 3]
[5, 5, 5, 5, 6]
[5, 10, 12, 16, 17]
[1, 1, 1, 3, 5]
[3, 4, 5, 6, 6]
[1, 1, 2, 3, 3]
[3, 4, 4, 4, 4]
[1, 1, 1, 1, 1]
[5, 7, 8, 8, 9]
[1, 1, 1, 1, 1]
[1, 1, 1, 1, 1]
[2, 4, 6, 7, 7]
[1, 1, 1, 1, 1]
[5, 12, 23, 38, 59]
[1, 1, 1, 1, 1]
[3, 3, 5, 5, 5]
[1, 1, 1, 2, 2]
[1, 1, 1, 1, 1]
[1, 1, 1, 1, 2]
[1, 1, 2, 2, 2]
[1, 1, 1, 2, 2]
[2, 2, 2, 2, 2]
[1, 1, 1, 1, 1]
[2, 2, 2, 2, 2]
[1, 1, 1, 1, 1]
[1, 1, 1, 1, 1]
[1, 1, 1, 1, 3]
[1, 2, 2, 2, 3]
[3, 4, 6, 6, 6]
[1, 1, 1, 1, 3]
[1, 1, 2, 2, 3]
[1, 1, 1, 1, 1]
[1, 3, 3, 3, 5]
[7, 9, 13, 18, 18]
[5, 5, 5, 6, 7]
[4, 4, 4, 4, 4]
[3, 4, 4, 4, 6]
[6, 6, 7, 7, 7]
[6, 7, 7, 8, 8]
[7, 7, 7, 8, 11]
[7, 7, 7, 7, 7]
[6, 6, 6, 6, 6]
[1, 1, 1, 1, 1]
[5, 5, 6, 7, 8]
[5, 5, 5, 5, 5]
[1, 1, 1, 1, 1]
[3, 5, 6, 6, 6]
[4, 4, 4, 6, 6]
[1, 2, 2, 2, 2]
[1, 1, 1, 1, 1]
[2, 2, 2, 2, 2]
[6, 6, 7, 7, 9]
[1, 1, 1, 1, 1]
[3, 4, 4, 5, 5]
[1, 1, 1, 1, 1]
[1, 1, 1, 1, 1]
[6, 10, 11, 12, 14]
[1, 1, 1, 1, 1]
[1, 1, 1, 1, 1]
[3, 3, 4, 5, 5]
[1, 1, 1, 1, 1]
[1, 2, 2, 2, 4]
[6, 6, 6, 6, 6]
[4, 5, 5, 5, 5]
[1, 1, 1, 1, 1]
[6, 6, 6, 7, 7]
[7, 8, 12, 13, 14]
[7, 7, 7, 7, 7]
[1, 1, 1, 1, 1]
[1, 2, 2, 2, 2]
[7, 7, 8, 8, 9]
[7, 7, 8, 8, 9]
[6, 7, 7, 7, 7]
[1, 1, 1, 1, 1]
[1, 1, 2, 2, 2]
[5, 7, 7, 9, 15]
[1, 1, 1, 2, 2]
[1, 1, 1, 1, 1]
[6, 6, 6, 6, 6]
[1, 1, 1, 2, 2]
[1, 2, 2, 2, 2]
[1, 2, 2, 4, 5]
[1, 1, 1, 1, 1]
[1, 1, 1, 1, 1]
[1, 1, 1, 1, 2]
[4, 4, 4, 4, 4]
[6, 6, 7, 8, 8]
[7, 7, 7, 8, 9]
[1, 1, 1, 1, 2]
[3, 3, 4, 4, 4]
[1, 2, 2, 2, 3]
[3, 3, 4, 4, 4]
[6, 8, 9, 11, 11]
[7, 7, 7, 7, 7]
[5, 8, 11, 13, 15]
[1, 1, 1, 2, 2]
[7, 7, 7, 7, 7]
[6, 6, 6, 6, 6]
[1, 1, 1, 1, 1]
[1, 1, 1, 1, 1]
[1, 1, 1, 1, 1]
[1, 1, 2, 4, 4]
[1, 1, 1, 1, 1]
[1, 1, 2, 2, 2]
[3, 3, 3, 3, 3]
[1, 1, 1, 1, 1]
[1, 1, 1, 1, 1]
[1, 1, 2, 2, 2]
[1, 1, 1, 1, 1]
[1, 1, 2, 2, 3]
[1, 1, 1, 1, 1]
[2, 3, 6, 6, 7]
[1, 1, 1, 1, 2]
[5, 6, 6, 6, 6]
[5, 5, 6, 6, 6]
[5, 5, 9, 9, 9]
[1, 1, 1, 1, 1]
[4, 4, 5, 7, 9]
[1, 1, 1, 1, 1]
[1, 1, 1, 1, 1]
[6, 8, 10, 11, 12]
[4, 4, 4, 5, 5]
[1, 2, 5, 6, 7]
[1, 1, 1, 1, 1]
[7, 9, 10, 10, 14]
[3, 4, 4, 4, 4]
[1, 1, 1, 1, 1]
[6, 6, 6, 6, 6]
[1, 2, 2, 2, 2]
[2, 2, 2, 2, 2]
[4, 5, 6, 6, 6]
[1, 1, 1, 1, 2]
[1, 1, 1, 1, 1]
[7, 8, 8, 9, 11]
[1, 1, 1, 1, 2]
[1, 1, 1, 1, 1]
[1, 1, 1, 1, 2]
[2, 3, 3, 3, 3]
[1, 2, 2, 2, 2]
[1, 1, 2, 2, 2]
[6, 6, 6, 6, 6]
[1, 1, 1, 1, 1]
[1, 1, 1, 1, 1]
[4, 4, 6, 6, 6]
[1, 1, 3, 4, 5]
[5, 5, 8, 10, 10]
[1, 3, 3, 3, 3]
[2, 2, 2, 2, 2]
[1, 1, 1, 1, 1]
[6, 6, 7, 8, 9]
[1, 1, 1, 1, 2]
[6, 6, 8, 8, 8]
[1, 1, 1, 1, 1]
[1, 1, 2, 3, 3]
[1, 1, 1, 1, 1]
[6, 6, 7, 7, 7]
[1, 1, 1, 1, 1]
[2, 2, 2, 2, 2]
[3, 3, 4, 4, 5]
[1, 1, 1, 1, 1]
[7, 7, 7, 7, 7]
[2, 3, 6, 6, 7]
[1, 1, 1, 1, 1]
[4, 6, 6, 6, 6]
[3, 6, 7, 8, 11]
[1, 1, 1, 1, 1]
[1, 1, 1, 1, 1]
[1, 11, 17, 18, 21]
[4, 4, 4, 4, 4]
[1, 1, 2, 2, 2]
[4, 4, 4, 4, 4]
[1, 1, 1, 1, 1]
[5, 5, 5, 5, 5]
[1, 1, 1, 3, 3]
[1, 2, 2, 2, 3]
[4, 6, 6, 8, 9]
[2, 2, 2, 2, 2]
[7, 8, 10, 12, 14]
[1, 1, 1, 1, 1]
[6, 6, 6, 6, 7]
[5, 6, 9, 14, 15]
[7, 8, 11, 12, 12]
[1, 1, 1, 1, 1]
[1, 1, 1, 1, 1]
[2, 4, 4, 4, 4]
[1, 3, 3, 3, 3]
[7, 7, 7, 7, 7]
[1, 1, 1, 1, 1]
[1, 1, 1, 1, 1]
[6, 7, 8, 8, 9]
[1, 1, 1, 1, 1]
[1, 1, 1, 1, 1]
[2, 2, 3, 5, 5]
[5, 5, 5, 5, 6]
[2, 3, 4, 5, 7]
[1, 1, 1, 1, 1]
[7, 12, 15, 17, 21]
[2, 2, 2, 2, 2]
[1, 2, 2, 2, 2]
[3, 4, 4, 5, 5]
[6, 6, 6, 7, 7]
[1, 1, 1, 1, 1]
[1, 1, 2, 2, 2]
[7, 7, 8, 9, 9]
[1, 1, 1, 1, 1]
[1, 3, 6, 8, 11]
[3, 4, 4, 4, 5]
[3, 3, 3, 3, 3]
[1, 1, 1, 1, 1]
[3, 5, 7, 8, 8]
[1, 1, 1, 1, 1]
[4, 4, 4, 4, 4]
[1, 1, 1, 1, 1]
[7, 8, 10, 10, 11]
[1, 2, 2, 2, 2]
[1, 1, 1, 1, 1]
[1, 1, 1, 1, 1]
[5, 5, 5, 5, 7]
[1, 1, 1, 5, 5]
[1, 1, 1, 1, 1]
[6, 6, 6, 6, 6]
[2, 2, 2, 2, 2]
[1, 1, 1, 1, 1]
[3, 3, 3, 3, 4]
[1, 1, 1, 1, 1]
[5, 5, 5, 6, 6]
[7, 7, 7, 7, 8]
[2, 11, 15, 18, 18]
[4, 4, 5, 5, 5]
[1, 1, 1, 1, 1]
[1, 1, 1, 1, 1]
[7, 7, 8, 8, 8]
[6, 6, 7, 7, 7]
[6, 6, 6, 6, 6]
[2, 2, 3, 5, 5]
[1, 1, 1, 1, 1]
[6, 7, 7, 8, 8]
[7, 7, 7, 7, 7]
[5, 5, 5, 11, 20]
[2, 2, 2, 2, 2]
[1, 1, 3, 3, 3]
[7, 7, 7, 7, 7]
[6, 6, 6, 7, 7]
[1, 1, 2, 2, 2]
[4, 4, 4, 4, 4]
[1, 1, 1, 1, 1]
[1, 1, 1, 1, 1]
[1, 1, 1, 1, 1]
[6, 7, 7, 7, 7]
[1, 1, 1, 1, 1]
[1, 1, 1, 2, 2]
[1, 1, 1, 1, 1]
[7, 9, 9, 9, 10]
[6, 8, 9, 9, 10]
[1, 1, 1, 1, 1]
[2, 2, 2, 2, 2]
[6, 7, 7, 8, 11]
[5, 5, 6, 6, 6]
[1, 3, 3, 4, 5]
[4, 4, 4, 4, 4]
[3, 3, 3, 4, 4]
[7, 7, 7, 7, 7]
[5, 5, 5, 6, 7]
[2, 2, 3, 3, 5]
[4, 4, 5, 5, 5]
[7, 17, 29, 39, 48]
[2, 3, 4, 4, 5]
[1, 2, 2, 2, 2]
[5, 5, 5, 5, 6]
[4, 4, 5, 5, 5]
[1, 1, 1, 2, 3]
[1, 1, 1, 1, 1]
[1, 1, 1, 1, 1]
[1, 1, 1, 1, 1]
[1, 1, 1, 1, 1]
[4, 4, 4, 4, 4]
[1, 1, 1, 1, 1]
[1, 1, 2, 2, 2]
[1, 1, 1, 1, 1]
[5, 5, 5, 5, 5]
[1, 1, 1, 1, 2]
[7, 9, 9, 9, 9]
[1, 1, 1, 1, 1]
[3, 3, 3, 3, 3]
[6, 6, 6, 6, 6]
[5, 6, 9, 10, 11]
[1, 1, 1, 1, 1]
[7, 7, 8, 9, 10]
[6, 6, 7, 8, 8]
[1, 1, 1, 1, 1]
[6, 9, 10, 11, 13]
[6, 6, 6, 7, 7]
[1, 2, 2, 2, 2]
[6, 6, 6, 6, 10]
[5, 9, 12, 15, 18]
[1, 1, 1, 1, 1]
[5, 5, 5, 5, 5]
[1, 1, 1, 1, 1]
[1, 1, 1, 1, 1]
[2, 2, 3, 5, 6]
[6, 6, 6, 7, 7]
[1, 1, 1, 2, 2]
[1, 1, 1, 1, 1]
[1, 2, 2, 2, 3]
[1, 1, 2, 2, 2]
[7, 10, 12, 15, 20]
[2, 2, 2, 2, 2]
[2, 3, 3, 3, 3]
[1, 1, 1, 2, 2]
[7, 10, 10, 11, 11]
[2, 5, 5, 6, 6]
[4, 4, 7, 8, 10]
[7, 8, 8, 8, 8]
[7, 7, 7, 7, 7]
[1, 1, 1, 1, 1]
[1, 1, 1, 1, 1]
[2, 3, 4, 4, 5]
[2, 5, 5, 7, 8]
[1, 1, 2, 2, 2]
[1, 1, 1, 1, 1]
[1, 2, 2, 2, 2]
[1, 2, 2, 2, 2]
[2, 2, 3, 4, 4]
[5, 5, 5, 5, 6]
[5, 5, 5, 6, 6]
[1, 1, 1, 1, 1]
[2, 3, 3, 4, 4]
[1, 1, 1, 1, 1]
[4, 4, 4, 4, 4]
[1, 1, 1, 1, 1]
[1, 1, 1, 1, 1]
[1, 1, 1, 1, 1]
[1, 1, 1, 1, 1]
[2, 2, 2, 2, 2]
[1, 1, 1, 1, 1]
[1, 2, 2, 2, 3]
[1, 1, 1, 1, 1]
[2, 2, 2, 2, 2]
[6, 6, 7, 7, 7]
[1, 1, 1, 1, 2]
[1, 1, 2, 2, 3]
[1, 1, 1, 1, 1]
[3, 6, 7, 7, 7]
[3, 4, 5, 5, 6]
[1, 2, 3, 4, 5]
[1, 1, 1, 1, 1]
[7, 9, 9, 9, 9]
[6, 7, 7, 7, 7]
[4, 4, 5, 5, 5]
[1, 1, 1, 1, 1]
[5, 5, 9, 9, 9]
[1, 1, 1, 1, 1]
[7, 9, 10, 11, 15]
[1, 1, 1, 1, 1]
[5, 5, 6, 7, 7]
[2, 2, 3, 3, 3]
[1, 1, 1, 1, 1]
[2, 3, 4, 4, 4]
[1, 1, 1, 1, 1]
[5, 5, 5, 7, 7]
[2, 2, 2, 2, 2]
[1, 2, 2, 2, 2]
[7, 8, 9, 10, 12]
[1, 3, 3, 5, 5]
[3, 4, 4, 4, 4]
[5, 7, 8, 8, 9]
[1, 1, 1, 1, 1]
[6, 6, 6, 6, 6]
[7, 7, 7, 7, 9]
[1, 1, 2, 2, 2]
[1, 1, 1, 1, 1]
[1, 2, 2, 3, 4]
[1, 1, 1, 1, 1]
[1, 1, 1, 1, 1]
[2, 2, 3, 3, 4]
[4, 4, 4, 4, 4]
[1, 1, 1, 1, 1]
[4, 5, 8, 8, 9]
[2, 2, 2, 2, 2]
[1, 1, 1, 1, 1]
[1, 1, 1, 1, 1]
[4, 5, 7, 7, 7]
[1, 1, 1, 1, 2]
[1, 3, 5, 9, 9]
[4, 4, 4, 5, 5]
[4, 6, 6, 8, 9]
[1, 2, 2, 2, 2]
[1, 2, 2, 3, 4]
[1, 1, 1, 1, 1]
[2, 2, 2, 4, 6]
[1, 1, 2, 2, 2]
[1, 2, 2, 2, 2]
[7, 8, 8, 9, 11]
[1, 1, 1, 1, 1]
[3, 3, 4, 4, 5]
[4, 4, 4, 4, 4]
[1, 1, 3, 4, 4]
[3, 3, 3, 4, 4]
[7, 8, 9, 11, 12]
[4, 4, 8, 8, 8]
[2, 2, 2, 2, 4]
[1, 1, 1, 1, 2]
[1, 2, 2, 2, 2]
[7, 7, 7, 7, 7]
[1, 1, 1, 1, 1]
[1, 1, 1, 1, 1]
[7, 10, 13, 15, 19]
[1, 1, 1, 1, 1]
[2, 3, 4, 4, 5]
[1, 1, 1, 1, 1]
[2, 2, 2, 2, 2]
[7, 8, 8, 8, 9]
[6, 7, 7, 8, 8]
[6, 6, 6, 6, 9]
[1, 1, 2, 3, 3]
[1, 1, 2, 3, 3]
[1, 1, 1, 1, 1]
[1, 1, 1, 1, 1]
[2, 3, 3, 3, 4]
[2, 2, 2, 3, 5]
[7, 7, 7, 7, 7]
[7, 9, 11, 13, 14]
[1, 2, 2, 2, 2]
[4, 4, 5, 5, 5]
[1, 2, 2, 2, 2]
[1, 2, 2, 3, 3]
[6, 7, 7, 7, 7]
[7, 10, 14, 16, 16]
[6, 7, 7, 7, 7]
[1, 1, 1, 1, 1]
[1, 1, 2, 3, 3]
[1, 1, 1, 1, 1]
[1, 1, 1, 1, 1]
[2, 3, 4, 4, 4]
[1, 1, 1, 2, 2]
[1, 1, 1, 1, 1]
[1, 1, 1, 1, 1]
[4, 4, 4, 4, 4]
[1, 1, 1, 1, 2]
[2, 3, 3, 3, 3]
[6, 9, 14, 17, 17]
[3, 5, 6, 7, 10]
[1, 1, 2, 2, 3]
[1, 1, 1, 1, 1]
[3, 3, 3, 3, 3]
[1, 3, 3, 3, 3]
[1, 1, 1, 1, 1]
[1, 1, 1, 1, 1]
[3, 3, 4, 6, 6]
[2, 2, 2, 2, 2]
[3, 4, 5, 5, 5]
[6, 7, 8, 8, 8]
[1, 1, 1, 1, 1]
[7, 7, 7, 8, 9]
[4, 4, 4, 4, 4]
[1, 1, 1, 1, 1]
[2, 2, 2, 2, 2]
[1, 1, 1, 1, 1]
[7, 8, 10, 10, 12]
[6, 7, 9, 10, 10]
[7, 7, 7, 7, 8]
[4, 5, 5, 6, 6]
[2, 2, 3, 3, 3]
[7, 9, 11, 16, 20]
[7, 9, 15, 16, 19]
[1, 1, 1, 1, 1]
[6, 6, 6, 6, 6]
[7, 8, 10, 10, 12]
[1, 1, 1, 1, 1]
[5, 5, 5, 5, 5]
[3, 3, 4, 4, 4]
[3, 3, 3, 3, 3]
[1, 1, 1, 1, 1]
[1, 1, 2, 2, 3]
[1, 2, 3, 3, 3]
[1, 1, 1, 1, 1]
[1, 1, 1, 1, 1]
[5, 5, 5, 5, 5]
[5, 6, 9, 11, 13]
[1, 2, 3, 3, 3]
[1, 1, 1, 1, 1]
[7, 8, 11, 11, 12]
[1, 1, 1, 1, 1]
[3, 3, 4, 4, 4]
[1, 1, 1, 1, 1]
[1, 1, 1, 1, 1]
[1, 1, 2, 3, 3]
[1, 1, 1, 1, 1]
[1, 1, 1, 1, 1]
[2, 2, 2, 2, 2]
[7, 9, 14, 14, 16]
[1, 2, 2, 2, 3]
[1, 2, 2, 3, 3]
[5, 5, 6, 6, 6]
[1, 1, 2, 2, 2]
[1, 1, 1, 1, 1]
[7, 7, 7, 7, 7]
[1, 1, 2, 3, 3]
[1, 1, 2, 2, 2]
[5, 5, 5, 6, 7]
[7, 8, 9, 11, 11]
[7, 7, 7, 7, 7]
[6, 7, 7, 7, 7]
[2, 2, 2, 2, 2]
[2, 2, 2, 2, 2]
[1, 1, 1, 1, 1]
[1, 1, 1, 1, 1]
[7, 9, 11, 13, 13]
[1, 1, 1, 1, 1]
[1, 3, 5, 5, 5]
[6, 6, 7, 8, 8]
[1, 1, 1, 1, 1]
[2, 2, 2, 2, 2]
[7, 7, 8, 8, 8]
[3, 4, 6, 7, 9]
[7, 9, 9, 9, 10]
[1, 1, 1, 1, 1]
[1, 1, 1, 1, 1]
[6, 7, 7, 8, 8]
[1, 1, 1, 2, 2]
[4, 4, 4, 4, 4]
[1, 1, 2, 2, 2]
[7, 7, 7, 8, 8]
[1, 5, 11, 14, 20]
[3, 4, 4, 5, 5]
[1, 1, 1, 1, 1]
[4, 4, 5, 5, 5]
[1, 1, 1, 1, 1]
[1, 1, 1, 1, 1]
[4, 4, 4, 4, 4]
[3, 3, 5, 8, 8]
[1, 1, 1, 1, 1]
[1, 1, 1, 1, 1]
[1, 1, 1, 1, 1]
[1, 1, 1, 1, 1]
[6, 7, 9, 9, 11]
[1, 2, 2, 2, 2]
[1, 1, 1, 2, 2]
[1, 1, 1, 1, 1]
[1, 1, 1, 1, 2]
[3, 4, 5, 6, 7]
[7, 8, 11, 13, 13]
[1, 1, 1, 1, 1]
[1, 1, 1, 1, 1]
[1, 1, 1, 1, 1]
[1, 1, 1, 1, 2]
[2, 2, 2, 3, 4]
[6, 7, 9, 9, 11]
[6, 6, 6, 6, 6]
[7, 12, 13, 14, 16]
[7, 8, 8, 10, 10]
[6, 8, 10, 11, 11]
[5, 5, 6, 7, 7]
[4, 6, 9, 9, 9]
[1, 1, 1, 1, 1]
[1, 1, 1, 1, 1]
[7, 7, 7, 8, 8]
[1, 1, 1, 1, 1]
[2, 2, 2, 2, 2]
[1, 1, 1, 1, 1]
[4, 7, 10, 10, 12]
[2, 3, 3, 3, 4]
[5, 7, 7, 9, 10]
[1, 1, 1, 1, 1]
[6, 8, 8, 9, 9]
[3, 3, 3, 3, 3]
[3, 4, 6, 8, 8]
[1, 1, 1, 1, 1]
[1, 1, 1, 1, 1]
[1, 1, 1, 1, 1]
[4, 4, 4, 4, 4]
[1, 1, 1, 1, 1]
[1, 2, 2, 2, 4]
[1, 2, 2, 2, 2]
[2, 2, 2, 2, 2]
[1, 1, 1, 2, 2]
[1, 1, 1, 1, 1]
[7, 9, 12, 15, 16]
[1, 2, 2, 2, 2]
[6, 6, 6, 6, 6]
[2, 5, 9, 10, 11]
[1, 1, 1, 2, 3]
[1, 1, 1, 1, 1]
[4, 4, 4, 4, 4]
[1, 1, 1, 1, 1]
[1, 1, 1, 2, 2]
[4, 4, 5, 6, 6]
[1, 1, 2, 2, 4]
[7, 7, 7, 7, 7]
[1, 1, 1, 1, 1]
[1, 1, 1, 1, 1]
[6, 6, 10, 11, 12]
[5, 6, 12, 14, 17]
[7, 7, 7, 7, 7]
[3, 3, 5, 6, 6]
[1, 1, 1, 1, 1]
[7, 10, 10, 14, 14]
[1, 1, 1, 3, 4]
[1, 1, 1, 1, 1]
[5, 6, 7, 7, 7]
[1, 1, 1, 1, 1]
[1, 1, 1, 1, 1]
[1, 1, 1, 1, 1]
[2, 2, 2, 2, 2]
[3, 4, 6, 6, 6]
[2, 3, 3, 3, 3]
[6, 6, 6, 6, 6]
[6, 7, 7, 7, 8]
[2, 2, 2, 2, 2]
[4, 6, 7, 7, 7]
[1, 1, 1, 1, 1]
[1, 1, 1, 1, 1]
[4, 5, 6, 6, 6]
[4, 4, 4, 4, 5]
[1, 1, 1, 1, 1]
[2, 2, 4, 5, 5]
[1, 1, 1, 1, 1]
[3, 3, 3, 3, 3]
[5, 5, 6, 6, 9]
[1, 1, 1, 1, 2]
[7, 9, 10, 10, 10]
[4, 4, 5, 5, 5]
[6, 6, 6, 6, 6]
[1, 1, 1, 1, 1]
[5, 5, 5, 5, 5]
[2, 2, 2, 2, 2]
[2, 2, 2, 2, 2]
[7, 7, 8, 9, 9]
[4, 7, 7, 9, 14]
[4, 6, 9, 10, 10]
[4, 5, 5, 5, 5]
[2, 2, 3, 3, 3]
[2, 2, 2, 2, 2]
[4, 4, 4, 4, 4]
[2, 2, 2, 3, 3]
[1, 1, 1, 1, 1]
[1, 2, 3, 3, 4]
[6, 7, 10, 11, 11]
[4, 5, 8, 11, 11]
[4, 4, 4, 4, 4]
[1, 1, 1, 1, 1]
[1, 2, 2, 2, 2]
[1, 1, 1, 2, 2]
[1, 1, 1, 1, 1]
[1, 1, 1, 1, 1]
[5, 5, 5, 5, 5]
[5, 6, 6, 6, 6]
[1, 1, 1, 1, 2]
[4, 4, 4, 4, 4]
[6, 9, 9, 9, 10]
[3, 3, 5, 7, 11]
[1, 1, 1, 1, 1]
[2, 4, 5, 5, 8]
[1, 1, 2, 2, 3]
[3, 3, 3, 3, 3]
[1, 1, 1, 1, 1]
[7, 7, 7, 7, 7]
[1, 1, 1, 1, 1]
[7, 7, 7, 8, 9]
[3, 3, 3, 4, 4]
[1, 1, 1, 3, 3]
[1, 1, 1, 1, 1]
[1, 2, 2, 3, 3]
[1, 1, 1, 1, 1]
[1, 1, 1, 1, 1]
[4, 4, 4, 4, 4]
[2, 2, 3, 4, 4]
[6, 14, 19, 20, 21]
[1, 1, 1, 1, 1]
[1, 2, 2, 2, 2]
[1, 5, 6, 6, 6]
[2, 5, 11, 13, 21]
[4, 4, 4, 4, 4]
[1, 1, 1, 1, 1]
[1, 2, 5, 5, 5]
[1, 1, 1, 1, 1]
[1, 1, 4, 4, 5]
[6, 6, 6, 8, 10]
[2, 2, 3, 4, 4]
[2, 3, 3, 4, 5]
[1, 2, 2, 2, 2]
[1, 2, 2, 2, 2]
[1, 3, 6, 9, 9]
[6, 7, 7, 7, 7]
[7, 7, 7, 7, 7]
[4, 5, 5, 6, 8]
[7, 7, 7, 7, 8]
[1, 1, 1, 1, 1]
[2, 2, 2, 2, 2]
[6, 9, 9, 9, 9]
[2, 2, 2, 2, 2]
[6, 12, 24, 31, 54]
[1, 1, 1, 1, 2]
[1, 1, 1, 1, 1]
[6, 7, 7, 8, 8]
[1, 1, 1, 1, 1]
[1, 1, 1, 1, 1]
[2, 2, 2, 2, 2]
[1, 1, 2, 2, 4]
[4, 7, 10, 11, 12]
[1, 1, 1, 1, 1]
[1, 1, 1, 1, 1]
[4, 7, 7, 7, 7]
[3, 4, 5, 6, 7]
[1, 1, 1, 1, 1]
[5, 5, 5, 5, 5]
[2, 2, 2, 2, 2]
[1, 1, 1, 1, 1]
[1, 1, 1, 2, 2]
[1, 10, 28, 39, 44]
[1, 2, 3, 4, 4]
[7, 7, 7, 7, 7]
[7, 7, 8, 8, 8]
[6, 6, 6, 6, 6]
[5, 6, 6, 8, 10]
[1, 1, 1, 1, 1]
[6, 6, 6, 6, 6]
[1, 1, 1, 1, 2]
[3, 5, 7, 8, 8]
[5, 6, 7, 8, 10]
[7, 7, 7, 7, 7]
[6, 6, 6, 6, 6]
[1, 1, 1, 1, 1]
[7, 7, 9, 10, 10]
[1, 1, 1, 2, 3]
[2, 2, 2, 2, 2]
[1, 1, 1, 1, 1]
[1, 1, 1, 1, 1]
[7, 7, 13, 16, 21]
[1, 3, 5, 8, 9]
[1, 1, 2, 5, 6]
[1, 1, 1, 1, 1]
[5, 5, 6, 6, 6]
[6, 7, 11, 14, 24]
[1, 2, 3, 3, 3]
[1, 1, 2, 2, 2]
[1, 2, 2, 2, 2]
[6, 6, 6, 6, 6]
[2, 2, 2, 2, 2]
[7, 8, 9, 9, 9]
[2, 2, 2, 3, 3]
[1, 1, 1, 1, 1]
[1, 1, 1, 1, 1]
[1, 1, 1, 1, 1]
[6, 6, 6, 6, 6]
[1, 1, 1, 2, 3]
[1, 1, 1, 1, 1]
[1, 1, 3, 4, 4]
[1, 1, 1, 1, 1]
[6, 9, 9, 9, 10]
[2, 2, 2, 3, 3]
[1, 1, 1, 1, 1]
[1, 1, 1, 1, 1]
[2, 3, 3, 4, 4]
[1, 1, 1, 1, 1]
[4, 4, 4, 4, 4]
[3, 3, 3, 3, 3]
[1, 1, 2, 2, 2]
[1, 1, 1, 1, 2]
[6, 10, 12, 15, 15]
[5, 6, 10, 11, 11]
[3, 3, 3, 3, 3]
[6, 6, 6, 6, 6]
[1, 1, 1, 1, 1]
[5, 6, 6, 7, 7]
[2, 2, 2, 3, 3]
[1, 1, 1, 1, 1]
[3, 3, 3, 3, 3]
[1, 1, 1, 1, 1]
[1, 1, 1, 1, 1]
[3, 3, 3, 3, 3]
[4, 6, 7, 8, 9]
[2, 2, 2, 2, 2]
[1, 1, 1, 1, 1]
[1, 1, 1, 1, 1]
[5, 5, 5, 6, 6]
[1, 1, 1, 3, 4]
[3, 3, 3, 3, 3]
[3, 5, 8, 9, 9]
[2, 3, 3, 4, 4]
[1, 1, 1, 2, 3]
[7, 8, 9, 9, 9]
[5, 6, 6, 6, 6]
[1, 1, 1, 2, 2]
[7, 7, 7, 9, 9]
[6, 10, 18, 20, 21]
[6, 9, 10, 10, 10]
[7, 7, 7, 7, 7]
[6, 8, 11, 11, 12]
[3, 3, 3, 3, 3]
[1, 1, 1, 1, 1]
[1, 1, 1, 1, 1]
[1, 1, 1, 1, 1]
[1, 1, 1, 1, 1]
[5, 6, 6, 6, 6]
[1, 1, 1, 1, 1]
[4, 5, 6, 7, 8]
[4, 4, 5, 6, 6]
[1, 1, 1, 1, 1]
[1, 1, 1, 1, 1]
[1, 1, 1, 1, 1]
[2, 2, 2, 2, 3]
[1, 1, 1, 1, 1]
[2, 2, 3, 3, 3]
[6, 7, 7, 8, 8]
[1, 1, 1, 2, 2]
[4, 6, 7, 9, 9]
[4, 17, 35, 54, 70]
[1, 2, 2, 2, 2]
[1, 1, 1, 1, 1]
[2, 2, 2, 2, 2]
[1, 1, 1, 1, 1]
[4, 4, 4, 4, 4]
[1, 1, 1, 2, 3]
[1, 2, 2, 2, 3]
[1, 1, 1, 1, 1]
[6, 6, 6, 6, 7]
[1, 1, 1, 1, 1]
[1, 1, 1, 2, 2]
[1, 1, 1, 1, 1]
[1, 1, 1, 1, 1]
[5, 6, 6, 6, 7]
[1, 1, 1, 1, 1]
[3, 4, 9, 9, 9]
[1, 1, 2, 2, 3]
[5, 5, 5, 5, 5]
[3, 3, 8, 9, 12]
[1, 1, 1, 3, 4]
[5, 5, 5, 6, 6]
[1, 1, 1, 1, 1]
[5, 5, 5, 5, 5]
[5, 10, 15, 19, 27]
[3, 3, 3, 3, 3]
[1, 1, 1, 1, 1]
[1, 1, 1, 1, 1]
[1, 1, 1, 1, 1]
[1, 2, 2, 2, 2]
[2, 3, 3, 3, 3]
[1, 1, 3, 3, 5]
[4, 4, 4, 5, 6]
[1, 1, 1, 2, 3]
[3, 5, 8, 10, 11]
[1, 1, 2, 2, 2]
[3, 4, 4, 5, 6]
[1, 1, 1, 1, 1]
[1, 2, 2, 2, 2]
[1, 1, 1, 1, 1]
[5, 7, 10, 17, 19]
[3, 3, 6, 7, 9]
[5, 5, 5, 5, 5]
[1, 2, 2, 2, 2]
[1, 1, 1, 1, 1]
[1, 1, 1, 1, 1]
[6, 6, 6, 6, 7]
[6, 6, 7, 8, 8]
[1, 1, 1, 1, 1]
[1, 1, 1, 1, 1]
[1, 1, 1, 1, 1]
[1, 1, 1, 1, 3]
[3, 4, 5, 5, 6]
[6, 8, 9, 10, 12]
[7, 8, 10, 10, 12]
[1, 1, 1, 1, 1]
[4, 4, 4, 4, 4]
[5, 6, 6, 6, 6]
[3, 3, 3, 3, 3]
[1, 1, 1, 2, 2]
[7, 8, 8, 8, 9]
[6, 7, 7, 7, 7]
[6, 6, 6, 6, 6]
[3, 3, 3, 3, 3]
[1, 4, 6, 10, 11]
[4, 5, 6, 6, 6]
[7, 9, 11, 12, 14]
[1, 1, 2, 3, 4]
[6, 6, 6, 6, 6]
[1, 2, 2, 2, 2]
[1, 2, 2, 3, 3]
[1, 1, 1, 1, 1]
[3, 3, 3, 3, 3]
[5, 5, 5, 5, 5]
[2, 2, 2, 2, 2]
[1, 1, 1, 1, 2]
[1, 1, 1, 1, 1]
[2, 2, 2, 2, 2]
[7, 7, 8, 8, 9]
[7, 7, 8, 8, 8]
[2, 2, 3, 3, 3]
[7, 7, 8, 8, 8]
[7, 7, 7, 7, 7]
[1, 3, 3, 3, 3]
[3, 3, 3, 3, 3]
[1, 4, 7, 8, 11]
[1, 1, 1, 1, 1]
[1, 1, 1, 1, 1]
[5, 7, 9, 12, 16]
[2, 2, 2, 2, 2]
[1, 1, 1, 1, 1]
[2, 2, 2, 4, 4]
[2, 2, 5, 7, 7]
[1, 1, 1, 1, 1]
[5, 5, 9, 20, 31]
[1, 1, 1, 1, 2]
[6, 11, 13, 13, 13]
[1, 3, 4, 5, 7]
[1, 1, 1, 1, 1]
[1, 1, 1, 1, 1]
[1, 1, 1, 1, 1]
[5, 5, 5, 5, 6]
[6, 16, 20, 25, 29]
[1, 1, 1, 1, 1]
[5, 9, 15, 23, 28]
[1, 1, 1, 1, 1]
[1, 1, 1, 1, 1]
[1, 1, 1, 1, 1]
[6, 6, 8, 9, 11]
[2, 3, 5, 7, 8]
[1, 1, 1, 1, 1]
[4, 8, 8, 9, 9]
[1, 1, 1, 1, 1]
[1, 2, 2, 2, 2]
[2, 2, 3, 4, 5]
[3, 5, 6, 7, 8]
[4, 5, 7, 8, 8]
[6, 7, 7, 7, 7]
[1, 1, 3, 4, 4]
[1, 2, 2, 2, 2]
[7, 8, 9, 9, 10]
[6, 9, 17, 17, 22]
[2, 2, 3, 4, 4]
[6, 10, 15, 23, 33]
[1, 1, 1, 2, 2]
[1, 2, 2, 3, 3]
[1, 1, 1, 1, 1]
[4, 7, 9, 10, 12]
[1, 1, 2, 2, 2]
[1, 1, 3, 3, 3]
[1, 1, 1, 1, 1]
[1, 1, 3, 3, 4]
[1, 1, 1, 1, 1]
[1, 1, 1, 1, 1]
[1, 1, 1, 1, 1]
[1, 4, 5, 5, 5]
[6, 6, 7, 7, 7]
[5, 5, 5, 5, 6]
[5, 6, 6, 7, 7]
[6, 7, 7, 7, 7]
[6, 6, 8, 8, 8]
[1, 1, 1, 1, 1]
[1, 2, 2, 2, 2]
[3, 3, 3, 3, 4]
[1, 1, 1, 1, 1]
[3, 4, 4, 5, 5]
[5, 8, 9, 11, 11]
[1, 2, 2, 2, 2]
[1, 1, 1, 1, 1]
[1, 1, 1, 1, 1]
[6, 6, 6, 6, 6]
[7, 7, 8, 9, 9]
[1, 1, 1, 1, 1]
[1, 1, 1, 1, 1]
[7, 7, 8, 8, 9]
[4, 5, 6, 6, 6]
[2, 4, 5, 5, 7]
[5, 6, 7, 9, 9]
[1, 1, 2, 2, 2]
[1, 1, 1, 1, 1]
[1, 1, 1, 1, 2]
[1, 1, 1, 1, 1]
[6, 6, 7, 7, 7]
[1, 1, 1, 1, 1]
[2, 4, 4, 4, 4]
[3, 3, 3, 3, 3]
[7, 8, 8, 9, 9]
[2, 2, 2, 2, 2]
[1, 6, 11, 18, 22]
[3, 3, 3, 3, 3]
[2, 2, 2, 2, 2]
[1, 1, 1, 1, 1]
[1, 2, 4, 4, 4]
[3, 3, 3, 3, 3]
[6, 7, 8, 9, 10]
[3, 4, 4, 4, 4]
[1, 1, 1, 1, 1]
[1, 1, 1, 1, 1]
[7, 7, 7, 8, 8]
[2, 2, 2, 2, 2]
[1, 2, 3, 4, 4]
[1, 1, 1, 1, 1]
[3, 3, 4, 4, 4]
[6, 9, 13, 16, 20]
[7, 7, 7, 7, 7]
[1, 1, 1, 1, 1]
[2, 2, 2, 2, 2]
[1, 1, 1, 1, 1]
[6, 6, 8, 10, 11]
[1, 1, 1, 1, 1]
[7, 8, 10, 10, 12]
[7, 8, 11, 11, 14]
[7, 7, 7, 7, 7]
[1, 1, 1, 1, 1]
[7, 7, 7, 7, 7]
[6, 6, 9, 9, 9]
[5, 5, 5, 5, 5]
[3, 3, 3, 3, 3]
[1, 1, 1, 1, 1]
[1, 1, 1, 1, 1]
[1, 1, 1, 1, 1]
[6, 7, 7, 7, 7]
[1, 1, 1, 1, 1]
[4, 6, 7, 7, 7]
[2, 2, 3, 3, 4]
[1, 1, 2, 2, 2]
[2, 2, 2, 2, 2]
[1, 1, 1, 1, 1]
[2, 2, 2, 2, 2]
[2, 2, 2, 2, 3]
[4, 4, 5, 5, 5]
[1, 2, 2, 3, 3]
[3, 5, 5, 6, 9]
[1, 2, 3, 3, 3]
[1, 2, 2, 3, 3]
[1, 1, 2, 2, 3]
[6, 6, 6, 6, 6]
[7, 8, 8, 8, 9]
[1, 1, 1, 1, 1]
[1, 1, 1, 1, 1]
[2, 2, 2, 2, 2]
[1, 1, 1, 1, 1]
[1, 2, 2, 2, 2]
[6, 7, 8, 8, 9]
[1, 2, 2, 2, 2]
[4, 4, 5, 5, 5]
[1, 1, 3, 5, 5]
[1, 1, 1, 1, 1]
[6, 6, 7, 7, 7]
[1, 2, 2, 3, 4]
[5, 6, 8, 8, 8]
[1, 1, 1, 1, 1]
[1, 1, 1, 1, 1]
[1, 1, 1, 1, 1]
[1, 1, 1, 1, 1]
[1, 1, 2, 2, 2]
[7, 7, 7, 7, 7]
[1, 1, 1, 1, 1]
[1, 1, 1, 2, 2]
[5, 5, 5, 5, 5]
[6, 6, 6, 6, 6]
[1, 1, 1, 1, 1]
[5, 6, 7, 8, 8]
[1, 1, 1, 1, 1]
[1, 1, 1, 1, 1]
[1, 1, 1, 2, 2]
[6, 7, 8, 8, 8]
[6, 6, 6, 6, 6]
[1, 1, 1, 1, 1]
[1, 2, 2, 2, 2]
[3, 3, 3, 3, 3]
[3, 4, 4, 4, 4]
[1, 1, 1, 1, 1]
[1, 1, 1, 1, 1]
[6, 7, 7, 7, 7]
[4, 7, 9, 10, 10]
[1, 2, 2, 2, 2]
[1, 1, 3, 5, 6]
[1, 1, 1, 1, 1]
[6, 8, 8, 8, 8]
[1, 1, 1, 1, 1]
[1, 1, 1, 1, 1]
[6, 8, 10, 13, 13]
[1, 1, 2, 3, 3]
[4, 4, 4, 4, 4]
[4, 4, 4, 4, 4]
[1, 1, 1, 1, 1]
[7, 8, 9, 9, 9]
[5, 5, 5, 7, 8]
[7, 7, 7, 7, 8]
[1, 1, 1, 2, 2]
[2, 2, 2, 2, 3]
[2, 3, 3, 3, 3]
[5, 9, 11, 11, 12]
[1, 1, 1, 2, 2]
[1, 5, 6, 6, 7]
[1, 1, 1, 1, 1]
[6, 7, 8, 8, 8]
[7, 13, 15, 18, 20]
[1, 1, 1, 1, 1]
[1, 1, 1, 1, 1]
[1, 1, 1, 1, 1]
[1, 1, 1, 1, 1]
[5, 7, 7, 7, 7]
[1, 1, 2, 2, 2]
[1, 1, 2, 2, 2]
[1, 1, 1, 1, 1]
[1, 2, 2, 2, 2]
[3, 5, 9, 10, 13]
[4, 5, 5, 6, 6]
[6, 7, 9, 9, 11]
[4, 5, 5, 5, 5]
[4, 4, 4, 4, 4]
[1, 2, 2, 2, 3]
[1, 2, 2, 2, 2]
[1, 1, 1, 1, 1]
[1, 1, 1, 2, 2]
[1, 2, 3, 3, 3]
[3, 3, 3, 3, 3]
[7, 8, 9, 10, 10]
[1, 1, 2, 2, 3]
[1, 3, 3, 3, 3]
[4, 5, 5, 5, 5]
[1, 1, 1, 2, 2]
[3, 8, 13, 17, 20]
[1, 1, 1, 1, 1]
[2, 2, 2, 2, 2]
[1, 1, 2, 2, 2]
[1, 1, 1, 1, 1]
[4, 6, 7, 7, 7]
[1, 1, 1, 1, 1]
[1, 1, 1, 1, 1]
[1, 1, 1, 1, 1]
[5, 5, 5, 5, 5]
[3, 3, 4, 4, 4]
[2, 2, 2, 2, 2]
[1, 2, 2, 2, 2]
[6, 7, 7, 7, 7]
[1, 1, 2, 3, 4]
[1, 1, 1, 1, 1]
[1, 1, 2, 2, 2]
[1, 1, 1, 1, 1]
[2, 2, 2, 2, 2]
[1, 2, 3, 3, 3]
[1, 1, 1, 1, 1]
[1, 2, 3, 3, 3]
[1, 1, 2, 2, 5]
[1, 1, 1, 1, 1]
[7, 7, 9, 9, 9]
[3, 4, 6, 8, 9]
[4, 6, 6, 6, 6]
[1, 1, 1, 2, 3]
[1, 1, 2, 2, 2]
[5, 5, 6, 6, 7]
[1, 1, 1, 2, 2]
[1, 2, 2, 2, 2]
[7, 7, 9, 10, 10]
[3, 4, 5, 5, 5]
[1, 1, 1, 1, 1]
[1, 3, 4, 5, 8]
[1, 1, 1, 1, 1]
[3, 4, 5, 5, 5]
[3, 6, 11, 23, 33]
[2, 2, 2, 2, 2]
[3, 3, 3, 4, 5]
[1, 1, 1, 4, 5]
[6, 9, 10, 10, 10]
[4, 5, 5, 5, 5]
[2, 4, 6, 6, 6]
[7, 7, 7, 8, 8]
[4, 7, 7, 7, 7]
[1, 1, 1, 1, 1]
[1, 3, 4, 4, 4]
[2, 3, 3, 3, 4]
[1, 1, 1, 1, 1]
[5, 5, 5, 6, 6]
[2, 2, 2, 2, 2]
[3, 3, 4, 4, 5]
[1, 1, 1, 1, 1]
[1, 1, 1, 1, 1]
[1, 1, 1, 1, 1]
[7, 8, 9, 10, 10]
[6, 6, 8, 9, 14]
[1, 1, 2, 2, 2]
[7, 7, 7, 8, 9]
[1, 1, 2, 5, 5]
[1, 1, 1, 1, 1]
[4, 6, 6, 9, 12]
[2, 5, 8, 11, 12]
[1, 1, 1, 1, 1]
[4, 5, 6, 8, 9]
[1, 1, 1, 2, 2]
[1, 1, 1, 1, 1]
[1, 1, 1, 1, 1]
[6, 9, 14, 15, 15]
[6, 12, 15, 28, 39]
[1, 1, 1, 1, 1]
[1, 1, 1, 1, 1]
[1, 1, 1, 1, 1]
[2, 2, 2, 2, 2]
[3, 5, 5, 5, 5]
[2, 4, 5, 6, 6]
[1, 1, 1, 1, 1]
[2, 2, 3, 3, 3]
[5, 7, 8, 9, 9]
[1, 1, 1, 1, 1]
[3, 4, 6, 7, 7]
[1, 1, 1, 1, 1]
[1, 1, 1, 1, 1]
[5, 7, 9, 10, 10]
[3, 3, 3, 3, 3]
[1, 1, 1, 1, 1]
[3, 3, 3, 3, 3]
[4, 4, 4, 5, 5]
[3, 4, 5, 5, 5]
[1, 1, 1, 1, 1]
[6, 10, 10, 10, 10]
[1, 3, 3, 3, 3]
[1, 1, 1, 1, 1]
[2, 3, 4, 5, 7]
[1, 1, 1, 2, 2]
[7, 10, 10, 12, 14]
[1, 1, 1, 1, 1]
[7, 8, 8, 8, 8]
[5, 6, 7, 9, 9]
[1, 1, 2, 2, 2]
[6, 6, 8, 9, 9]
[7, 7, 7, 7, 7]
[2, 2, 2, 2, 2]
[2, 4, 5, 5, 5]
[5, 7, 7, 9, 9]
[4, 4, 4, 4, 4]
[5, 5, 5, 6, 9]
[7, 9, 10, 10, 10]
[2, 4, 4, 6, 6]
[1, 1, 1, 1, 1]
[7, 7, 8, 9, 9]
[7, 7, 7, 7, 8]
[6, 7, 7, 7, 7]
[1, 1, 1, 1, 1]
[1, 1, 1, 1, 1]
[1, 1, 1, 1, 1]
[6, 13, 19, 22, 24]
[3, 3, 4, 4, 4]
[4, 5, 5, 6, 7]
[5, 5, 8, 10, 12]
[1, 1, 1, 1, 1]
[2, 3, 3, 4, 4]
[1, 1, 1, 1, 1]
[7, 8, 8, 8, 8]
[1, 1, 1, 2, 2]
[4, 5, 5, 5, 5]
[1, 2, 4, 4, 4]
[1, 1, 1, 1, 1]
[2, 2, 2, 3, 3]
[1, 1, 1, 1, 1]
[4, 4, 4, 4, 4]
[6, 10, 14, 16, 17]
[3, 3, 3, 3, 3]
[1, 1, 1, 1, 1]
[4, 6, 7, 7, 8]
[6, 6, 6, 6, 6]
[1, 1, 1, 2, 2]
[6, 6, 6, 6, 6]
[5, 5, 5, 5, 5]
[1, 1, 1, 1, 1]
[3, 3, 3, 3, 3]
[1, 1, 1, 1, 1]
[1, 1, 1, 1, 1]
[5, 5, 7, 8, 10]
[1, 1, 1, 1, 1]
[1, 1, 1, 1, 1]
[6, 6, 6, 7, 7]
[1, 1, 1, 1, 1]
[4, 4, 4, 4, 4]
[1, 1, 1, 1, 1]
[1, 1, 1, 1, 1]
[1, 1, 2, 2, 2]
[6, 9, 10, 10, 10]
[1, 1, 1, 1, 1]
[1, 1, 1, 1, 1]
[1, 1, 1, 1, 1]
[5, 5, 5, 5, 8]
[2, 3, 3, 3, 4]
[2, 4, 4, 4, 4]
[1, 1, 1, 1, 1]
[1, 2, 2, 2, 2]
[1, 3, 3, 4, 5]
[1, 1, 1, 2, 2]
[2, 2, 2, 3, 3]
[2, 2, 2, 2, 2]
[7, 8, 8, 8, 8]
[7, 10, 10, 12, 12]
[1, 1, 1, 1, 1]
[1, 1, 1, 1, 1]
[3, 3, 3, 3, 3]
[7, 8, 8, 8, 8]
[2, 3, 3, 3, 3]
[1, 1, 1, 1, 1]
[1, 1, 1, 1, 1]
[6, 7, 7, 7, 7]
[5, 6, 7, 7, 7]
[6, 7, 7, 8, 9]
[4, 5, 6, 7, 12]
[1, 1, 1, 1, 2]
[3, 3, 3, 3, 3]
[3, 3, 3, 3, 3]
[1, 1, 2, 2, 2]
[1, 1, 1, 1, 3]
[4, 5, 5, 5, 5]
[1, 1, 1, 1, 1]
[7, 7, 7, 7, 7]
[6, 6, 6, 6, 6]
[3, 5, 6, 6, 6]
[1, 2, 2, 2, 3]
[4, 4, 4, 4, 4]
[5, 6, 6, 7, 10]
[1, 1, 1, 1, 1]
[1, 1, 1, 1, 2]
[1, 1, 1, 2, 2]
[1, 1, 1, 2, 2]
[1, 1, 1, 1, 1]
[2, 3, 4, 4, 4]
[3, 4, 4, 4, 4]
[1, 1, 1, 1, 1]
[2, 2, 2, 2, 2]
[1, 1, 1, 1, 1]
[1, 1, 1, 2, 2]
[5, 6, 7, 8, 9]
[2, 3, 4, 8, 10]
[7, 7, 7, 8, 8]
[1, 1, 1, 1, 1]
[1, 1, 1, 1, 1]
[1, 1, 1, 1, 1]
[1, 2, 2, 2, 2]
[1, 1, 1, 1, 1]
[1, 2, 2, 2, 2]
[6, 8, 9, 14, 15]
[7, 8, 8, 12, 14]
[2, 3, 3, 3, 3]
[1, 1, 1, 1, 1]
[3, 4, 5, 6, 7]
[3, 3, 3, 3, 3]
[1, 1, 1, 1, 1]
[1, 1, 1, 1, 2]
[4, 13, 20, 31, 40]
[1, 2, 2, 2, 3]
[6, 6, 7, 7, 7]
[5, 5, 7, 8, 10]
[3, 3, 3, 3, 3]
[4, 7, 7, 11, 12]
[1, 1, 1, 1, 1]
[7, 7, 7, 7, 7]
[1, 1, 1, 1, 1]
[1, 1, 2, 2, 2]
[1, 1, 1, 1, 1]
[3, 3, 3, 3, 3]
[3, 3, 3, 3, 3]
[2, 2, 2, 2, 2]
[1, 1, 1, 2, 2]
[6, 6, 7, 9, 9]
[1, 2, 2, 4, 4]
[4, 6, 6, 6, 6]
[1, 1, 1, 1, 1]
[3, 3, 3, 3, 3]
[6, 6, 6, 6, 6]
[4, 5, 5, 5, 5]
[3, 3, 3, 3, 3]
[1, 1, 1, 1, 1]
[1, 1, 1, 1, 1]
[1, 1, 1, 1, 2]
[3, 5, 6, 7, 9]
[2, 2, 2, 2, 3]
[6, 6, 7, 8, 9]
[7, 8, 9, 10, 10]
[6, 6, 6, 6, 6]
[1, 1, 1, 1, 1]
[4, 5, 6, 6, 8]
[1, 2, 2, 2, 2]
[1, 1, 1, 1, 1]
[1, 2, 5, 5, 5]
[1, 1, 2, 2, 2]
[1, 1, 1, 1, 1]
[1, 1, 1, 1, 1]
[1, 3, 5, 12, 16]
[2, 2, 2, 2, 2]
[1, 2, 2, 2, 2]
[1, 2, 3, 3, 3]
[1, 1, 1, 2, 3]
[1, 1, 1, 2, 2]
[1, 1, 1, 1, 1]
[2, 2, 2, 2, 2]
[1, 1, 1, 1, 1]
[7, 7, 7, 7, 7]
[1, 1, 1, 1, 1]
[5, 5, 5, 5, 6]
[1, 1, 1, 1, 1]
[4, 4, 4, 4, 4]
[4, 5, 5, 5, 5]
[3, 3, 3, 3, 3]
[3, 4, 5, 5, 5]
[2, 2, 2, 2, 2]
[3, 3, 4, 6, 7]
[5, 5, 5, 6, 6]
[2, 4, 4, 4, 4]
[6, 7, 10, 16, 17]
[6, 8, 13, 18, 27]
[1, 2, 2, 2, 2]
[1, 1, 1, 1, 1]
[1, 2, 2, 2, 2]
[5, 6, 7, 8, 8]
[1, 2, 2, 2, 4]
[6, 6, 7, 7, 7]
[1, 2, 2, 2, 2]
[7, 7, 7, 7, 7]
[7, 9, 12, 12, 12]
[1, 1, 1, 1, 1]
[2, 2, 3, 3, 3]
[1, 1, 1, 2, 2]
[3, 3, 3, 3, 3]
[2, 3, 6, 10, 11]
[3, 3, 3, 3, 5]
[4, 5, 5, 5, 5]
[1, 1, 1, 1, 1]
[1, 1, 1, 1, 1]
[1, 1, 1, 1, 1]
[2, 2, 3, 4, 4]
[1, 1, 1, 1, 1]
[2, 3, 3, 3, 3]
[6, 7, 7, 7, 7]
[1, 1, 1, 1, 1]
[7, 10, 12, 14, 16]
[1, 1, 1, 1, 1]
[2, 2, 2, 2, 2]
[2, 3, 3, 3, 3]
[1, 3, 3, 6, 7]
[3, 6, 6, 9, 9]
[1, 1, 1, 1, 1]
[7, 9, 11, 11, 12]
[6, 6, 6, 7, 7]
[1, 1, 1, 1, 1]
[4, 4, 4, 4, 4]
[5, 7, 7, 7, 7]
[5, 10, 12, 16, 19]
[6, 6, 8, 9, 9]
[7, 8, 9, 11, 11]
[1, 1, 1, 1, 1]
[1, 1, 1, 1, 1]
[1, 1, 1, 1, 1]
[4, 4, 4, 6, 7]
[4, 4, 4, 4, 4]
[1, 1, 1, 1, 1]
[7, 8, 13, 17, 18]
[1, 1, 1, 1, 1]
[6, 6, 6, 6, 6]
[7, 9, 13, 18, 21]
[7, 7, 7, 7, 8]
[6, 9, 17, 24, 37]
[2, 3, 3, 3, 3]
[5, 12, 13, 16, 16]
[2, 2, 3, 3, 3]
[1, 1, 2, 3, 6]
[7, 7, 9, 10, 10]
[1, 1, 1, 1, 2]
[6, 6, 6, 6, 6]
[1, 1, 1, 1, 1]
[1, 1, 1, 1, 3]
[1, 1, 1, 1, 1]
[1, 2, 3, 3, 3]
[1, 1, 1, 1, 1]
[1, 1, 1, 2, 2]
[7, 7, 7, 7, 8]
[1, 1, 3, 3, 4]
[7, 8, 9, 10, 10]
[6, 6, 8, 8, 8]
[3, 4, 5, 5, 7]
[1, 1, 1, 1, 1]
[1, 1, 1, 1, 2]
[6, 6, 6, 6, 6]
[5, 6, 6, 6, 6]
[1, 1, 1, 1, 2]
[5, 5, 5, 5, 5]
[5, 6, 7, 7, 8]
[1, 1, 1, 2, 2]
[7, 10, 10, 10, 10]
[4, 4, 5, 5, 5]
[1, 1, 1, 1, 1]
[7, 7, 7, 7, 7]
[1, 1, 1, 1, 1]
[1, 1, 3, 3, 3]
[6, 15, 27, 29, 31]
[2, 2, 2, 2, 2]
[1, 1, 1, 1, 1]
[1, 1, 1, 1, 1]
[1, 1, 1, 1, 1]
[4, 5, 6, 7, 11]
[1, 1, 1, 1, 1]
[7, 7, 7, 7, 7]
[3, 4, 5, 5, 5]
[1, 1, 1, 1, 1]
[1, 1, 1, 1, 1]
[4, 4, 4, 4, 4]
[1, 1, 1, 1, 1]
[5, 6, 6, 6, 6]
[4, 4, 6, 6, 6]
[1, 1, 1, 1, 2]
[1, 1, 1, 2, 2]
[1, 1, 1, 1, 1]
[1, 1, 1, 3, 5]
[1, 2, 3, 4, 6]
[1, 1, 1, 1, 1]
[1, 1, 1, 1, 1]
[1, 1, 1, 1, 1]
[2, 2, 2, 2, 3]
[1, 1, 1, 1, 1]
[2, 2, 2, 3, 3]
[7, 7, 7, 8, 9]
[6, 6, 7, 9, 10]
[1, 2, 2, 2, 2]
[1, 2, 3, 3, 3]
[5, 5, 5, 5, 5]
[5, 6, 7, 7, 7]
[4, 4, 5, 6, 7]
[1, 2, 2, 2, 2]
[7, 7, 7, 7, 7]
[3, 3, 3, 3, 3]
[6, 6, 6, 6, 6]
[1, 1, 1, 1, 1]
[3, 3, 3, 4, 4]
[4, 4, 6, 6, 6]
[6, 6, 6, 7, 7]
[1, 1, 1, 1, 1]
[4, 4, 4, 4, 4]
[1, 1, 1, 1, 1]
[1, 2, 2, 2, 2]
[1, 1, 2, 4, 5]
[1, 1, 1, 1, 1]
[1, 1, 1, 1, 1]
[1, 1, 1, 1, 3]
[1, 1, 1, 2, 2]
[1, 2, 3, 5, 7]
[1, 1, 1, 1, 1]
[1, 2, 2, 2, 3]
[6, 6, 6, 6, 6]
[1, 1, 1, 1, 1]
[1, 1, 1, 1, 1]
[2, 3, 4, 6, 6]
[1, 1, 1, 1, 1]
[1, 1, 2, 2, 2]
[4, 4, 4, 4, 4]
[1, 1, 1, 2, 2]
[1, 2, 2, 2, 2]
[4, 6, 7, 8, 8]
[5, 5, 6, 6, 7]
[6, 6, 7, 8, 8]
[5, 7, 7, 8, 8]
[3, 4, 5, 5, 5]
[3, 4, 5, 5, 5]
[6, 6, 6, 6, 6]
[2, 2, 2, 2, 3]
[1, 2, 2, 3, 3]
[2, 3, 3, 3, 3]
[6, 7, 10, 10, 10]
[3, 3, 3, 3, 3]
[1, 1, 1, 1, 1]
[4, 5, 5, 5, 5]
[2, 2, 2, 2, 2]
[2, 2, 3, 3, 3]
[1, 1, 1, 1, 1]
[6, 6, 6, 6, 6]
[7, 8, 8, 8, 9]
[1, 1, 1, 1, 2]
[6, 8, 9, 9, 9]
[2, 2, 2, 3, 3]
[5, 7, 7, 7, 9]
[2, 2, 2, 2, 2]
[1, 1, 1, 1, 1]
[1, 1, 1, 1, 1]
[7, 8, 8, 8, 8]
[4, 8, 8, 10, 13]
[4, 4, 5, 5, 5]
[6, 6, 6, 6, 6]
[1, 1, 1, 1, 1]
[2, 2, 2, 2, 2]
[1, 1, 1, 1, 1]
[1, 1, 1, 1, 1]
[1, 1, 2, 2, 2]
[1, 1, 1, 1, 1]
[4, 4, 8, 8, 8]
[1, 2, 2, 2, 2]
[4, 4, 5, 5, 6]
[5, 6, 6, 7, 7]
[5, 5, 5, 5, 6]
[1, 1, 1, 1, 1]
[1, 2, 5, 7, 8]
[3, 3, 3, 3, 4]
[6, 6, 6, 6, 7]
[3, 3, 3, 4, 4]
[7, 12, 17, 18, 23]
[1, 1, 1, 1, 1]
[2, 2, 2, 2, 3]
[6, 6, 7, 8, 8]
[1, 1, 1, 1, 1]
[3, 3, 4, 5, 6]
[2, 2, 3, 3, 3]
[1, 1, 1, 1, 1]
[4, 6, 6, 6, 6]
[5, 7, 9, 10, 10]
[1, 1, 1, 1, 1]
[1, 1, 3, 3, 3]
[1, 1, 1, 1, 1]
[6, 6, 8, 8, 9]
[4, 9, 11, 16, 18]
[2, 2, 2, 2, 2]
[5, 5, 5, 5, 5]
[2, 7, 8, 13, 13]
[1, 2, 2, 2, 2]
[1, 1, 1, 1, 2]
[2, 2, 2, 2, 2]
[1, 2, 3, 6, 6]
[1, 1, 1, 1, 1]
[2, 3, 3, 3, 3]
[6, 6, 6, 6, 6]
[1, 1, 1, 1, 1]
[1, 1, 1, 1, 1]
[6, 6, 6, 6, 6]
[3, 4, 4, 5, 5]
[1, 1, 1, 1, 1]
[6, 6, 6, 6, 7]
[1, 1, 1, 1, 1]
[6, 6, 6, 6, 6]
[6, 6, 6, 6, 7]
[1, 1, 1, 1, 1]
[1, 1, 3, 4, 4]
[1, 1, 1, 1, 1]
[6, 7, 9, 13, 15]
[6, 6, 7, 9, 9]
[6, 7, 7, 7, 7]
[3, 3, 5, 5, 5]
[7, 9, 12, 16, 21]
[6, 6, 9, 9, 9]
[1, 1, 1, 2, 3]
[5, 7, 10, 13, 16]
[4, 4, 4, 4, 4]
[4, 4, 4, 4, 6]
[2, 2, 2, 2, 2]
[1, 1, 2, 2, 2]
[5, 6, 6, 7, 7]
[1, 1, 1, 1, 1]
[1, 2, 2, 2, 2]
[1, 1, 1, 1, 1]
[3, 4, 5, 7, 7]
[4, 8, 11, 17, 19]
[5, 7, 7, 8, 8]
[1, 2, 2, 2, 2]
[1, 1, 1, 1, 1]
[1, 1, 1, 1, 1]
[7, 9, 10, 12, 13]
[5, 6, 8, 9, 9]
[7, 7, 7, 7, 8]
[3, 5, 8, 9, 10]
[2, 2, 2, 2, 2]
[2, 2, 2, 2, 2]
[1, 1, 1, 1, 2]
[3, 3, 3, 3, 3]
[5, 6, 7, 7, 8]
[1, 1, 1, 1, 2]
[6, 9, 11, 11, 13]
[1, 1, 2, 2, 2]
[1, 1, 1, 1, 1]
[1, 1, 1, 1, 1]
[7, 7, 7, 7, 7]
[3, 4, 4, 6, 6]
[1, 1, 1, 1, 1]
[5, 5, 6, 6, 6]
[1, 1, 2, 3, 4]
[7, 7, 9, 10, 10]
[1, 1, 1, 1, 1]
[3, 3, 3, 3, 3]
[5, 6, 7, 8, 8]
[5, 7, 7, 8, 8]
[1, 1, 4, 4, 4]
[1, 1, 1, 1, 2]
[1, 2, 2, 2, 2]
[1, 1, 1, 2, 3]
[1, 1, 1, 1, 1]
[1, 1, 3, 4, 4]
[1, 1, 1, 1, 1]
[4, 5, 5, 5, 5]
[1, 2, 2, 2, 2]
[1, 1, 1, 1, 2]
[1, 1, 1, 1, 1]
[2, 3, 4, 4, 4]
[1, 2, 3, 3, 5]
[6, 7, 7, 7, 7]
[1, 1, 1, 1, 1]
[7, 7, 10, 12, 13]
[4, 6, 6, 6, 6]
[5, 6, 9, 10, 10]
[1, 2, 5, 5, 6]
[2, 3, 3, 3, 3]
[3, 3, 4, 4, 4]
[5, 6, 6, 6, 6]
[3, 3, 4, 5, 5]
[1, 1, 1, 1, 1]
[1, 1, 1, 1, 1]
[1, 1, 2, 2, 2]
[5, 5, 5, 5, 5]
[7, 12, 22, 27, 32]
[1, 2, 3, 3, 3]
[1, 1, 1, 1, 1]
[4, 5, 5, 9, 10]
[1, 1, 2, 4, 5]
[1, 2, 4, 5, 5]
[1, 1, 1, 1, 1]
[1, 1, 1, 1, 1]
[4, 5, 5, 6, 7]
[5, 6, 6, 6, 8]
[1, 1, 1, 1, 1]
[1, 1, 1, 1, 1]
[1, 1, 1, 1, 1]
[3, 4, 7, 8, 8]
[6, 7, 9, 9, 9]
[5, 5, 5, 5, 6]
[6, 7, 9, 9, 10]
[1, 1, 1, 2, 2]
[4, 5, 6, 7, 7]
[1, 1, 1, 2, 2]
[1, 1, 1, 1, 1]
[1, 1, 1, 1, 2]
[1, 1, 1, 1, 1]
[1, 1, 1, 1, 1]
[3, 3, 3, 3, 3]
[6, 7, 8, 8, 8]
[1, 3, 7, 8, 9]
[1, 1, 1, 1, 1]
[1, 1, 1, 1, 1]
[1, 1, 1, 1, 1]
[4, 4, 4, 4, 4]
[1, 1, 1, 1, 1]
[7, 7, 7, 7, 8]
[1, 1, 1, 1, 1]
[2, 3, 3, 3, 3]
[1, 1, 1, 1, 1]
[1, 1, 1, 1, 1]
[4, 4, 4, 4, 4]
[1, 1, 1, 1, 2]
[2, 2, 2, 3, 4]
[5, 10, 28, 61, 114]
[4, 4, 4, 5, 5]
[1, 2, 3, 5, 7]
[1, 1, 1, 1, 2]
[1, 1, 1, 1, 1]
[4, 4, 4, 4, 4]
[1, 1, 1, 1, 2]
[5, 9, 13, 16, 19]
[3, 3, 3, 3, 4]
[1, 1, 1, 1, 1]
[1, 1, 1, 1, 2]
[4, 5, 7, 8, 8]
[1, 1, 1, 2, 2]
[1, 1, 1, 1, 1]
[1, 1, 1, 1, 1]
[2, 2, 2, 2, 4]
[1, 1, 1, 1, 1]
[1, 1, 1, 1, 1]
[1, 1, 1, 1, 1]
[3, 3, 3, 3, 3]
[1, 1, 1, 1, 1]
[6, 9, 12, 13, 14]
[7, 7, 7, 7, 7]
[5, 6, 8, 8, 8]
[7, 7, 7, 7, 7]
[1, 1, 1, 1, 1]
[1, 2, 2, 2, 2]
[3, 3, 3, 3, 3]
[1, 1, 3, 3, 3]
[4, 8, 11, 12, 13]
[1, 1, 1, 1, 1]
[2, 2, 4, 4, 4]
[1, 2, 2, 2, 2]
[4, 4, 4, 4, 4]
[1, 2, 2, 2, 2]
[4, 4, 4, 4, 4]
[1, 1, 2, 2, 2]
[5, 7, 10, 12, 13]
[6, 6, 7, 8, 9]
[5, 5, 5, 5, 6]
[1, 2, 2, 2, 2]
[4, 4, 5, 8, 8]
[1, 1, 1, 1, 1]
[1, 1, 1, 1, 1]
[2, 2, 2, 2, 2]
[1, 1, 1, 1, 1]
[2, 2, 2, 2, 2]
[1, 1, 1, 2, 3]
[6, 6, 7, 7, 7]
[5, 5, 5, 5, 5]
[1, 1, 1, 1, 1]
[2, 2, 2, 2, 2]
[1, 1, 1, 1, 1]
[5, 5, 6, 7, 7]
[1, 2, 2, 2, 2]
[4, 8, 9, 10, 10]
[4, 4, 4, 4, 5]
[1, 2, 2, 2, 2]
[4, 5, 6, 6, 6]
[1, 2, 2, 2, 2]
[1, 1, 1, 1, 1]
[1, 1, 1, 1, 1]
[4, 4, 4, 4, 4]
[1, 3, 4, 6, 6]
[1, 2, 4, 4, 4]
[5, 7, 8, 10, 10]
[1, 1, 1, 1, 1]
[2, 3, 3, 3, 3]
[2, 2, 2, 2, 2]
[7, 10, 12, 16, 18]
[2, 4, 5, 9, 10]
[1, 1, 1, 1, 1]
[7, 8, 10, 13, 14]
[1, 1, 1, 1, 1]
[7, 7, 9, 10, 11]
[1, 1, 1, 1, 1]
[7, 8, 9, 10, 11]
[1, 1, 1, 1, 1]
[7, 10, 14, 19, 22]
[1, 1, 1, 1, 1]
[1, 1, 1, 1, 1]
[5, 5, 6, 6, 6]
[1, 1, 1, 1, 1]
[1, 1, 1, 1, 1]
[1, 2, 2, 2, 2]
[1, 1, 1, 1, 1]
[5, 5, 6, 6, 7]
[1, 3, 4, 6, 10]
[1, 2, 3, 4, 4]
[1, 1, 1, 1, 1]
[6, 7, 10, 13, 13]
[1, 1, 1, 2, 2]
[2, 2, 2, 2, 3]
[1, 1, 1, 1, 1]
[7, 9, 11, 12, 14]
[7, 7, 9, 15, 15]
[1, 1, 1, 1, 1]
[2, 3, 4, 4, 5]
[1, 1, 1, 1, 1]
[5, 6, 8, 10, 10]
[1, 1, 1, 1, 1]
[6, 6, 6, 6, 6]
[7, 9, 11, 11, 11]
[5, 5, 5, 5, 5]
[4, 5, 7, 7, 7]
[5, 5, 5, 5, 5]
[2, 2, 2, 3, 3]
[4, 4, 6, 8, 11]
[4, 7, 8, 8, 8]
[5, 11, 13, 15, 17]
[6, 8, 8, 8, 9]
[7, 7, 7, 9, 9]
[1, 1, 1, 1, 1]
[1, 1, 1, 1, 1]
[2, 2, 3, 3, 3]
[6, 8, 8, 8, 8]
[1, 1, 1, 1, 2]
[2, 2, 2, 2, 2]
[4, 7, 7, 7, 7]
[1, 1, 1, 3, 4]
[1, 2, 2, 2, 3]
[5, 7, 7, 7, 7]
[1, 1, 1, 1, 1]
[1, 1, 1, 2, 2]
[5, 7, 8, 8, 9]
[6, 6, 6, 6, 6]
[2, 2, 2, 2, 2]
[1, 1, 1, 1, 1]
[2, 4, 5, 7, 9]
[1, 2, 2, 2, 2]
[5, 5, 6, 7, 7]
[5, 8, 8, 10, 10]
[1, 1, 1, 1, 1]
[1, 1, 1, 1, 1]
[2, 2, 2, 3, 3]
[1, 1, 1, 2, 3]
[1, 1, 2, 3, 4]
[1, 1, 1, 1, 1]
[5, 6, 6, 7, 10]
[1, 1, 1, 1, 1]
[1, 1, 1, 1, 1]
[4, 5, 7, 7, 7]
[1, 1, 1, 1, 1]
[7, 8, 8, 8, 8]
[5, 8, 11, 12, 14]
[1, 1, 1, 2, 2]
[6, 7, 7, 7, 7]
[5, 5, 5, 5, 5]
[7, 7, 7, 7, 7]
[1, 1, 1, 1, 1]
[1, 1, 1, 1, 1]
[1, 1, 1, 1, 1]
[4, 4, 4, 4, 4]
[3, 3, 3, 3, 4]
[1, 1, 1, 1, 1]
[1, 1, 1, 1, 1]
[7, 10, 11, 11, 11]
[5, 5, 6, 7, 9]
[6, 6, 8, 8, 8]
[1, 1, 1, 1, 1]
[1, 1, 1, 1, 2]
[3, 4, 5, 5, 6]
[1, 2, 2, 2, 2]
[2, 2, 3, 4, 6]
[7, 7, 7, 7, 8]
[1, 1, 1, 1, 2]
[1, 1, 1, 1, 1]
[6, 6, 6, 6, 6]
[2, 2, 2, 2, 2]
[1, 1, 1, 1, 1]
[3, 7, 10, 14, 14]
[6, 6, 6, 6, 6]
[3, 4, 9, 12, 18]
[2, 2, 3, 3, 3]
[1, 1, 1, 2, 2]
[6, 6, 6, 6, 6]
[7, 7, 7, 8, 8]
[6, 6, 7, 7, 7]
[5, 5, 9, 9, 9]
[1, 1, 1, 1, 1]
[5, 5, 7, 7, 8]
[4, 4, 4, 5, 5]
[1, 1, 1, 1, 1]
[1, 1, 1, 3, 3]
[3, 3, 5, 6, 6]
[1, 1, 1, 1, 1]
[5, 6, 6, 7, 7]
[6, 8, 10, 10, 12]
[1, 1, 2, 2, 2]
[1, 1, 1, 1, 1]
[3, 3, 3, 3, 4]
[1, 1, 1, 1, 1]
[2, 4, 6, 7, 7]
[2, 2, 3, 3, 3]
[1, 1, 1, 1, 2]
[5, 6, 6, 6, 7]
[1, 1, 2, 2, 2]
[5, 5, 6, 6, 6]
[1, 4, 8, 13, 14]
[7, 8, 8, 9, 10]
[1, 1, 1, 1, 1]
[3, 5, 6, 7, 7]
[1, 1, 1, 1, 1]
[4, 6, 6, 6, 8]
[1, 2, 4, 7, 9]
[1, 1, 1, 1, 1]
[1, 1, 1, 1, 1]
[7, 8, 8, 8, 8]
[1, 1, 1, 1, 1]
[1, 2, 2, 2, 3]
[1, 1, 1, 1, 2]
[7, 7, 7, 7, 7]
[7, 7, 7, 7, 7]
[1, 1, 1, 1, 2]
[1, 1, 1, 2, 2]
[6, 7, 9, 11, 11]
[4, 4, 4, 4, 5]
[6, 7, 7, 8, 10]
[3, 3, 5, 6, 6]
[3, 3, 4, 4, 4]
[2, 2, 3, 3, 4]
[2, 2, 2, 2, 2]
[1, 1, 1, 1, 1]
[1, 2, 4, 5, 5]
[2, 2, 2, 2, 2]
[2, 2, 2, 2, 2]
[1, 1, 1, 1, 1]
[2, 2, 3, 5, 5]
[4, 4, 5, 6, 7]
[2, 2, 2, 2, 2]
[1, 1, 1, 1, 1]
[3, 3, 3, 4, 5]
[1, 1, 1, 1, 2]
[1, 1, 1, 1, 1]
[7, 8, 9, 12, 14]
[1, 1, 1, 1, 1]
[1, 1, 3, 3, 3]
[1, 1, 1, 1, 1]
[1, 5, 10, 11, 13]
[2, 3, 3, 3, 3]
[1, 1, 1, 2, 2]
[1, 4, 4, 4, 4]
[5, 6, 7, 7, 7]
[3, 5, 6, 7, 8]
[3, 4, 4, 4, 4]
[1, 1, 1, 1, 1]
[1, 2, 4, 4, 5]
[1, 3, 3, 3, 5]
[7, 7, 8, 8, 8]
[1, 1, 2, 2, 2]
[1, 4, 7, 13, 18]
[1, 1, 1, 1, 1]
[1, 1, 2, 2, 2]
[1, 2, 3, 3, 3]
[1, 1, 1, 1, 1]
[1, 1, 1, 1, 1]
[1, 1, 1, 1, 1]
[6, 7, 9, 10, 12]
[1, 1, 1, 1, 1]
[2, 2, 2, 2, 2]
[1, 1, 1, 1, 1]
[5, 10, 11, 12, 13]
[1, 1, 1, 1, 1]
[1, 2, 2, 2, 2]
[1, 1, 1, 1, 1]
[1, 1, 3, 4, 5]
[6, 6, 7, 7, 11]
[1, 2, 2, 2, 2]
[6, 6, 7, 7, 7]
[5, 5, 5, 6, 7]
[6, 7, 9, 9, 9]
[6, 9, 10, 11, 13]
[3, 3, 3, 3, 3]
[1, 2, 2, 2, 4]
[1, 2, 2, 2, 2]
[3, 6, 9, 10, 10]
[1, 3, 4, 5, 5]
[6, 6, 6, 7, 7]
[1, 1, 1, 1, 1]
[5, 6, 6, 6, 6]
[2, 4, 9, 11, 13]
[6, 6, 6, 6, 6]
[1, 1, 1, 1, 1]
[1, 2, 2, 3, 4]
[3, 4, 5, 5, 5]
[1, 1, 1, 1, 1]
[1, 1, 1, 1, 1]
[1, 1, 1, 1, 1]
[3, 3, 4, 4, 4]
[1, 1, 3, 4, 5]
[1, 1, 1, 1, 1]
[1, 1, 2, 2, 2]
[4, 4, 4, 6, 6]
[6, 6, 6, 6, 6]
[1, 1, 2, 2, 2]
[1, 1, 1, 1, 1]
[4, 4, 5, 5, 5]
[5, 5, 5, 6, 6]
[1, 1, 1, 1, 1]
[6, 6, 6, 6, 6]
[7, 7, 7, 7, 7]
[2, 2, 4, 6, 7]
[1, 2, 3, 3, 3]
[2, 2, 3, 3, 3]
[4, 4, 5, 5, 5]
[1, 1, 1, 1, 1]
[6, 7, 7, 8, 8]
[2, 2, 2, 3, 4]
[1, 1, 1, 1, 1]
[1, 2, 2, 2, 2]
[4, 5, 5, 5, 5]
[4, 4, 5, 5, 5]
[6, 8, 8, 10, 14]
[1, 1, 1, 1, 1]
[1, 2, 2, 3, 3]
[7, 7, 7, 7, 7]
[1, 1, 1, 1, 2]
[1, 1, 1, 1, 1]
[1, 1, 1, 1, 1]
[1, 1, 1, 1, 1]
[1, 1, 1, 1, 1]
[7, 7, 8, 10, 14]
[2, 2, 3, 4, 5]
[2, 6, 8, 13, 15]
[2, 3, 3, 7, 7]
[1, 1, 1, 2, 2]
[1, 1, 2, 2, 2]
[1, 2, 2, 3, 3]
[4, 5, 5, 5, 6]
[1, 1, 1, 1, 1]
[5, 5, 5, 5, 5]
[5, 6, 9, 9, 9]
[2, 2, 3, 3, 3]
[1, 1, 3, 3, 3]
[1, 1, 1, 1, 1]
[1, 2, 2, 2, 2]
[3, 3, 3, 3, 3]
[1, 1, 1, 1, 1]
[1, 1, 1, 1, 2]
[1, 1, 2, 2, 2]
[6, 6, 8, 8, 11]
[6, 9, 9, 9, 11]
[7, 8, 8, 9, 9]
[6, 7, 9, 9, 11]
[5, 8, 15, 18, 22]
[2, 2, 2, 2, 2]
[6, 7, 7, 7, 7]
[5, 5, 6, 7, 7]
[7, 9, 14, 15, 16]
[3, 3, 3, 3, 3]
[1, 1, 1, 1, 1]
[1, 1, 1, 1, 1]
[1, 1, 1, 1, 1]
[1, 2, 2, 3, 3]
[1, 1, 2, 2, 3]
[1, 1, 1, 1, 1]
[1, 1, 1, 1, 1]
[1, 1, 1, 1, 1]
[6, 6, 6, 7, 7]
[7, 7, 7, 7, 7]
[2, 2, 2, 3, 3]
[1, 1, 1, 1, 1]
[1, 1, 1, 1, 1]
[1, 1, 1, 3, 4]
[1, 1, 1, 1, 1]
[7, 7, 7, 7, 7]
[3, 3, 4, 4, 5]
[7, 7, 7, 7, 7]
[1, 1, 1, 1, 1]
[1, 1, 1, 1, 1]
[6, 6, 6, 6, 6]
[6, 6, 6, 6, 6]
[5, 5, 5, 6, 6]
[1, 1, 1, 2, 2]
[7, 7, 8, 8, 9]
[1, 1, 1, 1, 1]
[2, 2, 3, 3, 3]
[1, 1, 1, 1, 1]
[2, 3, 5, 5, 5]
[6, 9, 10, 11, 14]
[2, 2, 3, 4, 4]
[1, 1, 1, 1, 1]
[2, 2, 2, 2, 2]
[1, 3, 4, 9, 9]
[1, 1, 1, 1, 1]
[1, 7, 11, 13, 16]
[1, 1, 3, 3, 4]
[1, 1, 1, 1, 1]
[1, 1, 1, 1, 1]
[1, 1, 3, 4, 4]
[2, 5, 8, 11, 12]
[1, 1, 1, 1, 1]
[1, 2, 2, 2, 2]
[1, 1, 1, 1, 1]
[6, 6, 7, 7, 7]
[7, 8, 8, 8, 8]
[6, 8, 9, 11, 13]
[1, 2, 2, 3, 5]
[6, 6, 6, 6, 6]
[6, 7, 11, 13, 14]
[1, 1, 1, 1, 1]
[5, 27, 44, 54, 66]
[6, 7, 8, 10, 13]
[3, 3, 3, 4, 5]
[3, 4, 4, 5, 6]
[7, 7, 7, 8, 8]
[1, 2, 2, 2, 2]
[1, 1, 2, 3, 3]
[1, 2, 3, 3, 3]
[1, 1, 1, 1, 1]
[6, 9, 16, 22, 28]
[3, 3, 4, 5, 5]
[1, 1, 1, 1, 1]
[7, 9, 10, 11, 11]
[3, 6, 7, 9, 10]
[3, 3, 3, 4, 4]
[1, 2, 2, 2, 2]
[1, 1, 1, 1, 1]
[1, 2, 2, 2, 2]
[2, 2, 3, 3, 3]
[1, 1, 1, 1, 1]
[1, 1, 1, 1, 1]
[4, 4, 6, 9, 9]
[7, 8, 9, 10, 10]
[3, 3, 4, 4, 4]
[1, 1, 2, 2, 2]
[1, 1, 1, 2, 2]
[1, 1, 1, 1, 1]
[2, 2, 2, 3, 3]
[2, 2, 2, 2, 2]
[2, 2, 3, 4, 4]
[6, 6, 6, 6, 6]
[3, 4, 4, 5, 5]
[7, 7, 8, 9, 11]
[6, 7, 7, 10, 11]
[1, 1, 1, 1, 1]
[1, 2, 2, 2, 2]
[1, 1, 1, 2, 3]
[1, 4, 4, 5, 5]
[3, 4, 4, 4, 4]
[1, 1, 1, 1, 1]
[1, 1, 1, 1, 1]
[7, 9, 10, 10, 10]
[1, 1, 1, 1, 1]
[1, 1, 1, 1, 1]
[6, 6, 6, 7, 8]
[7, 7, 9, 9, 9]
[1, 1, 1, 2, 2]
[1, 2, 2, 2, 2]
[3, 3, 3, 3, 4]
[1, 1, 1, 1, 1]
[1, 1, 1, 2, 2]
[1, 1, 2, 2, 2]
[1, 1, 1, 1, 1]
[2, 2, 2, 2, 2]
[1, 1, 2, 3, 4]
[1, 2, 2, 2, 4]
[1, 1, 1, 1, 1]
[7, 9, 15, 17, 19]
[1, 1, 1, 2, 2]
[5, 7, 8, 10, 11]
[1, 1, 1, 1, 1]
[4, 4, 6, 6, 6]
[4, 4, 4, 4, 4]
[1, 2, 3, 3, 3]
[1, 1, 1, 1, 1]
[1, 1, 1, 1, 1]
[3, 3, 3, 3, 3]
[3, 5, 6, 6, 6]
[4, 4, 5, 5, 5]
[6, 6, 7, 9, 11]
[1, 1, 1, 1, 1]
[2, 2, 2, 2, 2]
[2, 2, 2, 2, 2]
[1, 1, 1, 1, 1]
[2, 2, 2, 2, 2]
[3, 3, 4, 4, 4]
[1, 1, 1, 1, 1]
[1, 1, 1, 1, 1]
[1, 1, 2, 2, 3]
[5, 5, 5, 5, 5]
[7, 9, 11, 13, 15]
[7, 7, 7, 7, 7]
[5, 6, 7, 7, 7]
[6, 7, 11, 15, 16]
[4, 4, 4, 4, 4]
[6, 12, 21, 24, 28]
[5, 8, 10, 12, 14]
[1, 1, 1, 1, 1]
[6, 7, 9, 13, 13]
[2, 2, 2, 2, 2]
[7, 9, 12, 14, 14]
[1, 1, 1, 1, 1]
[4, 5, 5, 5, 6]
[4, 6, 8, 8, 9]
[1, 9, 11, 14, 16]
[2, 2, 2, 4, 4]
[1, 1, 1, 1, 1]
[1, 1, 2, 3, 3]
[2, 2, 2, 2, 2]
[3, 3, 3, 3, 3]
[7, 7, 8, 8, 8]
[1, 1, 1, 1, 2]
[5, 5, 5, 5, 5]
[1, 1, 1, 1, 2]
[7, 7, 9, 10, 10]
[6, 6, 6, 8, 8]
[2, 2, 2, 2, 2]
[6, 7, 9, 11, 11]
[4, 4, 5, 7, 7]
[7, 8, 8, 8, 8]
[1, 1, 1, 1, 1]
[4, 8, 14, 20, 26]
[1, 1, 2, 2, 3]
[1, 1, 1, 1, 1]
[1, 1, 1, 1, 1]
[1, 3, 3, 3, 3]
[1, 1, 1, 1, 2]
[1, 1, 2, 2, 2]
[1, 2, 2, 2, 2]
[1, 1, 1, 1, 1]
[6, 10, 12, 17, 21]
[1, 2, 2, 4, 5]
[1, 1, 1, 1, 1]
[3, 4, 5, 6, 8]
[1, 1, 1, 1, 1]
[3, 4, 7, 8, 9]
[1, 1, 1, 2, 2]
[6, 7, 7, 7, 7]
[1, 1, 2, 2, 2]
[1, 1, 1, 1, 2]
[1, 1, 1, 1, 1]
[3, 3, 3, 3, 4]
[5, 5, 5, 5, 5]
[5, 5, 5, 5, 5]
[1, 3, 4, 5, 6]
[4, 5, 6, 9, 10]
[6, 7, 7, 7, 7]
[7, 8, 8, 8, 8]
[1, 1, 1, 1, 1]
[4, 5, 5, 6, 8]
[1, 1, 1, 1, 1]
[3, 3, 3, 3, 3]
[1, 1, 1, 1, 1]
[1, 2, 2, 2, 2]
[1, 1, 1, 1, 1]
[1, 1, 1, 2, 2]
[7, 7, 7, 7, 8]
[4, 4, 4, 4, 4]
[1, 1, 1, 2, 4]
[3, 3, 3, 3, 3]
[5, 8, 9, 10, 10]
[1, 2, 4, 5, 5]
[1, 1, 2, 2, 2]
[1, 4, 4, 4, 4]
[1, 1, 1, 1, 1]
[1, 2, 3, 3, 3]
[1, 1, 1, 1, 1]
[1, 3, 5, 6, 6]
[2, 2, 2, 2, 2]
[5, 8, 10, 10, 10]
[6, 8, 10, 12, 13]
[1, 3, 4, 5, 5]
[2, 2, 2, 2, 3]
[1, 1, 1, 1, 1]
[5, 8, 12, 17, 18]
[3, 3, 3, 3, 3]
[1, 1, 1, 1, 1]
[2, 2, 3, 3, 4]
[7, 13, 19, 25, 28]
[6, 6, 6, 6, 6]
[1, 2, 2, 2, 3]
[5, 18, 21, 22, 25]
[3, 3, 3, 3, 3]
[1, 2, 2, 2, 2]
[1, 1, 2, 2, 2]
[1, 1, 1, 1, 1]
[6, 6, 8, 8, 8]
[1, 2, 2, 3, 3]
[7, 8, 10, 10, 11]
[4, 4, 4, 4, 4]
[1, 1, 1, 1, 1]
[1, 1, 1, 1, 1]
[1, 1, 1, 1, 1]
[7, 10, 10, 10, 12]
[1, 2, 3, 4, 5]
[7, 9, 10, 12, 12]
[5, 5, 8, 10, 11]
[1, 1, 1, 1, 1]
[4, 5, 5, 5, 5]
[1, 1, 1, 1, 1]
[6, 7, 10, 10, 12]
[1, 1, 1, 1, 1]
[2, 2, 2, 2, 2]
[3, 3, 6, 6, 6]
[3, 3, 3, 3, 3]
[7, 9, 12, 12, 12]
[1, 1, 1, 1, 1]
[6, 6, 7, 7, 7]
[2, 2, 2, 3, 3]
[5, 5, 7, 9, 11]
[1, 1, 1, 1, 1]
[1, 1, 1, 1, 1]
[3, 4, 4, 4, 4]
[1, 1, 1, 1, 1]
[1, 1, 1, 1, 1]
[7, 7, 7, 7, 7]
[1, 1, 1, 1, 2]
[2, 2, 3, 3, 3]
[1, 1, 1, 1, 1]
[1, 1, 1, 1, 1]
[1, 1, 1, 1, 1]
[1, 1, 1, 1, 1]
[1, 1, 1, 1, 1]
[5, 5, 8, 9, 9]
[2, 2, 2, 2, 2]
[1, 1, 1, 1, 1]
[1, 1, 1, 1, 1]
[2, 3, 3, 3, 3]
[3, 4, 4, 4, 4]
[1, 1, 1, 1, 2]
[1, 1, 1, 1, 1]
[1, 1, 1, 1, 1]
[1, 3, 4, 4, 5]
[4, 5, 5, 6, 6]
[1, 1, 1, 1, 1]
[6, 7, 7, 8, 8]
[3, 6, 7, 8, 8]
[1, 1, 2, 2, 2]
[1, 1, 1, 1, 1]
[1, 1, 1, 1, 1]
[1, 1, 1, 1, 1]
[7, 8, 10, 12, 15]
[5, 6, 7, 9, 10]
[5, 5, 5, 5, 5]
[3, 3, 3, 3, 4]
[7, 7, 7, 7, 7]
[1, 1, 1, 1, 1]
[1, 2, 3, 3, 3]
[2, 3, 3, 3, 3]
[2, 6, 8, 9, 11]
[1, 1, 3, 3, 3]
[1, 1, 1, 1, 1]
[1, 1, 1, 1, 1]
[1, 1, 1, 1, 2]
[2, 2, 2, 2, 2]
[7, 7, 8, 8, 8]
[1, 2, 4, 4, 5]
[1, 1, 2, 2, 2]
[1, 1, 1, 1, 2]
[1, 1, 1, 1, 1]
[2, 2, 2, 2, 2]
[1, 1, 1, 1, 1]
[1, 1, 1, 1, 1]
[1, 1, 1, 1, 1]
[1, 1, 1, 1, 1]
[1, 1, 1, 1, 1]
[1, 1, 1, 1, 1]
[1, 1, 1, 1, 1]
[2, 2, 2, 2, 2]
[2, 2, 2, 2, 2]
[6, 6, 6, 7, 7]
[5, 5, 7, 8, 9]
[1, 1, 1, 1, 1]
[1, 1, 1, 1, 1]
[6, 6, 6, 7, 7]
[1, 1, 1, 1, 1]
[1, 2, 2, 2, 2]
[4, 4, 4, 4, 4]
[2, 4, 6, 8, 8]
[5, 6, 7, 10, 11]
[1, 1, 1, 1, 1]
[1, 1, 1, 1, 1]
[1, 7, 13, 17, 19]
[7, 7, 7, 7, 7]
[7, 11, 16, 20, 22]
[5, 5, 5, 5, 5]
[1, 1, 1, 1, 1]
[6, 8, 9, 11, 14]
[2, 2, 2, 2, 2]
[2, 2, 2, 2, 2]
[7, 7, 7, 8, 8]
[6, 9, 11, 12, 12]
[1, 1, 1, 1, 1]
[1, 1, 1, 2, 2]
[4, 4, 4, 5, 6]
[1, 1, 1, 1, 1]
[1, 1, 1, 2, 2]
[1, 1, 1, 1, 1]
[1, 1, 1, 1, 1]
[1, 1, 1, 1, 2]
[2, 2, 2, 3, 3]
[6, 12, 14, 18, 20]
[7, 8, 8, 8, 9]
[1, 3, 4, 5, 5]
[3, 3, 4, 5, 7]
[1, 1, 1, 1, 1]
[6, 10, 14, 17, 19]
[4, 4, 4, 5, 5]
[5, 7, 7, 8, 8]
[7, 9, 11, 11, 11]
[2, 3, 5, 8, 10]
[3, 4, 4, 4, 5]
[3, 7, 8, 9, 12]
[6, 6, 6, 6, 6]
[1, 1, 1, 3, 3]
[1, 1, 1, 1, 1]
[4, 4, 4, 4, 4]
[5, 6, 6, 6, 6]
[6, 6, 7, 9, 9]
[1, 1, 1, 1, 1]
[7, 8, 8, 8, 8]
[1, 1, 1, 1, 1]
[1, 1, 1, 2, 2]
[4, 4, 5, 7, 9]
[1, 2, 3, 3, 4]
[1, 1, 1, 1, 1]
[3, 3, 3, 3, 3]
[1, 1, 1, 1, 1]
[3, 3, 3, 3, 5]
[5, 5, 5, 5, 5]
[2, 3, 5, 5, 7]
[5, 5, 5, 7, 8]
[5, 5, 5, 6, 6]
[2, 2, 2, 2, 2]
[7, 8, 10, 11, 12]
[1, 1, 2, 4, 6]
[4, 4, 4, 5, 5]
[6, 6, 6, 6, 6]
[1, 1, 1, 1, 1]
[5, 6, 7, 8, 11]
[2, 7, 10, 14, 21]
[1, 1, 1, 1, 1]
[7, 9, 9, 9, 11]
[5, 5, 5, 6, 7]
[1, 1, 1, 1, 1]
[4, 5, 5, 6, 6]
[5, 6, 6, 6, 6]
[1, 1, 1, 1, 1]
[5, 7, 7, 7, 7]
[1, 1, 1, 1, 1]
[1, 1, 1, 1, 1]
[3, 4, 5, 5, 5]
[7, 7, 7, 7, 7]
[1, 1, 1, 1, 1]
[3, 3, 3, 3, 3]
[2, 2, 2, 2, 2]
[3, 4, 6, 6, 6]
[7, 12, 14, 17, 18]
[1, 1, 1, 1, 1]
[1, 1, 1, 1, 1]
[7, 8, 11, 11, 11]
[5, 6, 8, 8, 8]
[1, 1, 1, 1, 1]
[4, 4, 4, 4, 4]
[3, 4, 4, 6, 7]
[4, 11, 15, 18, 23]
[1, 1, 2, 2, 3]
[4, 4, 4, 4, 4]
[1, 1, 1, 1, 1]
[1, 1, 1, 1, 1]
[1, 1, 1, 1, 1]
[2, 2, 3, 3, 3]
[2, 2, 2, 3, 3]
[6, 7, 8, 8, 8]
[5, 6, 7, 8, 8]
[1, 1, 1, 1, 1]
[5, 11, 14, 16, 18]
[1, 1, 1, 1, 1]
[1, 1, 1, 1, 1]
[7, 7, 7, 7, 7]
[2, 2, 4, 4, 4]
[1, 1, 1, 2, 2]
[1, 1, 1, 2, 2]
[1, 3, 6, 10, 13]
[4, 4, 4, 4, 5]
[1, 1, 1, 1, 1]
[3, 3, 3, 3, 3]
[1, 1, 1, 1, 1]
[1, 1, 1, 1, 1]
[2, 2, 2, 2, 2]
[2, 2, 2, 2, 2]
[2, 4, 4, 5, 5]
[2, 4, 5, 5, 5]
[6, 6, 6, 7, 7]
[1, 1, 1, 1, 1]
[1, 1, 1, 1, 1]
[4, 7, 8, 8, 8]
[2, 4, 4, 4, 4]
[1, 1, 1, 2, 2]
[4, 4, 6, 9, 10]
[3, 4, 4, 4, 4]
[1, 1, 3, 6, 11]
[5, 5, 6, 6, 7]
[2, 4, 4, 6, 7]
[2, 2, 2, 2, 2]
[1, 2, 2, 2, 2]
[1, 1, 1, 1, 1]
[1, 1, 1, 1, 1]
[7, 7, 8, 8, 8]
[5, 5, 5, 5, 5]
[5, 6, 6, 6, 6]
[4, 4, 5, 5, 5]
[2, 2, 2, 2, 2]
[1, 1, 1, 1, 1]
[6, 7, 9, 9, 13]
[1, 2, 2, 2, 2]
[2, 2, 2, 2, 2]
[4, 7, 10, 10, 11]
[1, 1, 1, 1, 1]
[1, 4, 6, 7, 9]
[1, 1, 5, 5, 5]
[3, 3, 3, 4, 4]
[3, 4, 5, 5, 5]
[1, 1, 1, 1, 1]
[1, 1, 1, 1, 1]
[4, 5, 5, 5, 5]
[1, 1, 1, 2, 2]
[1, 2, 3, 3, 3]
[2, 2, 3, 4, 4]
[4, 5, 6, 6, 6]
[6, 6, 6, 6, 7]
[2, 2, 3, 3, 3]
[1, 1, 1, 1, 2]
[7, 9, 11, 11, 11]
[1, 1, 1, 2, 3]
[5, 5, 5, 5, 6]
[5, 10, 12, 16, 17]
[1, 1, 1, 3, 5]
[3, 4, 5, 6, 6]
[1, 1, 2, 3, 3]
[3, 4, 4, 4, 4]
[1, 1, 1, 1, 1]
[5, 7, 8, 8, 9]
[1, 1, 1, 1, 1]
[1, 1, 1, 1, 1]
[2, 4, 6, 7, 7]
[1, 1, 1, 1, 1]
[5, 12, 23, 38, 59]
[1, 1, 1, 1, 1]
[3, 3, 5, 5, 5]
[1, 1, 1, 2, 2]
[1, 1, 1, 1, 1]
[1, 1, 1, 1, 2]
[1, 1, 2, 2, 2]
[1, 1, 1, 2, 2]
[2, 2, 2, 2, 2]
[1, 1, 1, 1, 1]
[2, 2, 2, 2, 2]
[1, 1, 1, 1, 1]
[1, 1, 1, 1, 1]
[1, 1, 1, 1, 3]
[1, 2, 2, 2, 3]
[3, 4, 6, 6, 6]
[1, 1, 1, 1, 3]
[1, 1, 2, 2, 3]
[1, 1, 1, 1, 1]
[1, 3, 3, 3, 5]
[7, 9, 13, 18, 18]
[5, 5, 5, 6, 7]
[4, 4, 4, 4, 4]
[3, 4, 4, 4, 6]
[6, 6, 7, 7, 7]
[6, 7, 7, 8, 8]
[7, 7, 7, 8, 11]
[7, 7, 7, 7, 7]
[6, 6, 6, 6, 6]
[1, 1, 1, 1, 1]
[5, 5, 6, 7, 8]
[5, 5, 5, 5, 5]
[1, 1, 1, 1, 1]
[3, 5, 6, 6, 6]
[4, 4, 4, 6, 6]
[1, 2, 2, 2, 2]
[1, 1, 1, 1, 1]
[2, 2, 2, 2, 2]
[6, 6, 7, 7, 9]
[1, 1, 1, 1, 1]
[3, 4, 4, 5, 5]
[1, 1, 1, 1, 1]
[1, 1, 1, 1, 1]
[6, 10, 11, 12, 14]
[1, 1, 1, 1, 1]
[1, 1, 1, 1, 1]
[3, 3, 4, 5, 5]
[1, 1, 1, 1, 1]
[1, 2, 2, 2, 4]
[6, 6, 6, 6, 6]
[4, 5, 5, 5, 5]
[1, 1, 1, 1, 1]
[6, 6, 6, 7, 7]
[7, 8, 12, 13, 14]
[7, 7, 7, 7, 7]
[1, 1, 1, 1, 1]
[1, 2, 2, 2, 2]
[7, 7, 8, 8, 9]
[7, 7, 8, 8, 9]
[6, 7, 7, 7, 7]
[1, 1, 1, 1, 1]
[1, 1, 2, 2, 2]
[5, 7, 7, 9, 15]
[1, 1, 1, 2, 2]
[1, 1, 1, 1, 1]
[6, 6, 6, 6, 6]
[1, 1, 1, 2, 2]
[1, 2, 2, 2, 2]
[1, 2, 2, 4, 5]
[1, 1, 1, 1, 1]
[1, 1, 1, 1, 1]
[1, 1, 1, 1, 2]
[4, 4, 4, 4, 4]
[6, 6, 7, 8, 8]
[7, 7, 7, 8, 9]
[1, 1, 1, 1, 2]
[3, 3, 4, 4, 4]
[1, 2, 2, 2, 3]
[3, 3, 4, 4, 4]
[6, 8, 9, 11, 11]
[7, 7, 7, 7, 7]
[5, 8, 11, 13, 15]
[1, 1, 1, 2, 2]
[7, 7, 7, 7, 7]
[6, 6, 6, 6, 6]
[1, 1, 1, 1, 1]
[1, 1, 1, 1, 1]
[1, 1, 1, 1, 1]
[1, 1, 2, 4, 4]
[1, 1, 1, 1, 1]
[1, 1, 2, 2, 2]
[3, 3, 3, 3, 3]
[1, 1, 1, 1, 1]
[1, 1, 1, 1, 1]
[1, 1, 2, 2, 2]
[1, 1, 1, 1, 1]
[1, 1, 2, 2, 3]
[1, 1, 1, 1, 1]
[2, 3, 6, 6, 7]
[1, 1, 1, 1, 2]
[5, 6, 6, 6, 6]
[5, 5, 6, 6, 6]
[5, 5, 9, 9, 9]
[1, 1, 1, 1, 1]
[4, 4, 5, 7, 9]
[1, 1, 1, 1, 1]
[1, 1, 1, 1, 1]
[6, 8, 10, 11, 12]
[4, 4, 4, 5, 5]
[1, 2, 5, 6, 7]
[1, 1, 1, 1, 1]
[7, 9, 10, 10, 14]
[3, 4, 4, 4, 4]
[1, 1, 1, 1, 1]
[6, 6, 6, 6, 6]
[1, 2, 2, 2, 2]
[2, 2, 2, 2, 2]
[4, 5, 6, 6, 6]
[1, 1, 1, 1, 2]
[1, 1, 1, 1, 1]
[7, 8, 8, 9, 11]
[1, 1, 1, 1, 2]
[1, 1, 1, 1, 1]
[1, 1, 1, 1, 2]
[2, 3, 3, 3, 3]
[1, 2, 2, 2, 2]
[1, 1, 2, 2, 2]
[6, 6, 6, 6, 6]
[1, 1, 1, 1, 1]
[1, 1, 1, 1, 1]
[4, 4, 6, 6, 6]
[1, 1, 3, 4, 5]
[5, 5, 8, 10, 10]
[1, 3, 3, 3, 3]
[2, 2, 2, 2, 2]
[1, 1, 1, 1, 1]
[6, 6, 7, 8, 9]
[1, 1, 1, 1, 2]
[6, 6, 8, 8, 8]
[1, 1, 1, 1, 1]
[1, 1, 2, 3, 3]
[1, 1, 1, 1, 1]
[6, 6, 7, 7, 7]
[1, 1, 1, 1, 1]
[2, 2, 2, 2, 2]
[3, 3, 4, 4, 5]
[1, 1, 1, 1, 1]
[7, 7, 7, 7, 7]
[2, 3, 6, 6, 7]
[1, 1, 1, 1, 1]
[4, 6, 6, 6, 6]
[3, 6, 7, 8, 11]
[1, 1, 1, 1, 1]
[1, 1, 1, 1, 1]
[1, 11, 17, 18, 21]
[4, 4, 4, 4, 4]
[1, 1, 2, 2, 2]
[4, 4, 4, 4, 4]
[1, 1, 1, 1, 1]
[5, 5, 5, 5, 5]
[1, 1, 1, 3, 3]
[1, 2, 2, 2, 3]
[4, 6, 6, 8, 9]
[2, 2, 2, 2, 2]
[7, 8, 10, 12, 14]
[1, 1, 1, 1, 1]
[6, 6, 6, 6, 7]
[5, 6, 9, 14, 15]
[7, 8, 11, 12, 12]
[1, 1, 1, 1, 1]
[1, 1, 1, 1, 1]
[2, 4, 4, 4, 4]
[1, 3, 3, 3, 3]
[7, 7, 7, 7, 7]
[1, 1, 1, 1, 1]
[1, 1, 1, 1, 1]
[6, 7, 8, 8, 9]
[1, 1, 1, 1, 1]
[1, 1, 1, 1, 1]
[2, 2, 3, 5, 5]
[5, 5, 5, 5, 6]
[2, 3, 4, 5, 7]
[1, 1, 1, 1, 1]
[7, 12, 15, 17, 21]
[2, 2, 2, 2, 2]
[1, 2, 2, 2, 2]
[3, 4, 4, 5, 5]
[6, 6, 6, 7, 7]
[1, 1, 1, 1, 1]
[1, 1, 2, 2, 2]
[7, 7, 8, 9, 9]
[1, 1, 1, 1, 1]
[1, 3, 6, 8, 11]
[3, 4, 4, 4, 5]
[3, 3, 3, 3, 3]
[1, 1, 1, 1, 1]
[3, 5, 7, 8, 8]
[1, 1, 1, 1, 1]
[4, 4, 4, 4, 4]
[1, 1, 1, 1, 1]
[7, 8, 10, 10, 11]
[1, 2, 2, 2, 2]
[1, 1, 1, 1, 1]
[1, 1, 1, 1, 1]
[5, 5, 5, 5, 7]
[1, 1, 1, 5, 5]
[1, 1, 1, 1, 1]
[6, 6, 6, 6, 6]
[2, 2, 2, 2, 2]
[1, 1, 1, 1, 1]
[3, 3, 3, 3, 4]
[1, 1, 1, 1, 1]
[5, 5, 5, 6, 6]
[7, 7, 7, 7, 8]
[2, 11, 15, 18, 18]
[4, 4, 5, 5, 5]
[1, 1, 1, 1, 1]
[1, 1, 1, 1, 1]
[7, 7, 8, 8, 8]
[6, 6, 7, 7, 7]
[6, 6, 6, 6, 6]
[2, 2, 3, 5, 5]
[1, 1, 1, 1, 1]
[6, 7, 7, 8, 8]
[7, 7, 7, 7, 7]
[5, 5, 5, 11, 20]
[2, 2, 2, 2, 2]
[1, 1, 3, 3, 3]
[7, 7, 7, 7, 7]
[6, 6, 6, 7, 7]
[1, 1, 2, 2, 2]
[4, 4, 4, 4, 4]
[1, 1, 1, 1, 1]
[1, 1, 1, 1, 1]
[1, 1, 1, 1, 1]
[6, 7, 7, 7, 7]
[1, 1, 1, 1, 1]
[1, 1, 1, 2, 2]
[1, 1, 1, 1, 1]
[7, 9, 9, 9, 10]
[6, 8, 9, 9, 10]
[1, 1, 1, 1, 1]
[2, 2, 2, 2, 2]
[6, 7, 7, 8, 11]
[5, 5, 6, 6, 6]
[1, 3, 3, 4, 5]
[4, 4, 4, 4, 4]
[3, 3, 3, 4, 4]
[7, 7, 7, 7, 7]
[5, 5, 5, 6, 7]
[2, 2, 3, 3, 5]
[4, 4, 5, 5, 5]
[7, 17, 29, 39, 48]
[2, 3, 4, 4, 5]
[1, 2, 2, 2, 2]
[5, 5, 5, 5, 6]
[4, 4, 5, 5, 5]
[1, 1, 1, 2, 3]
[1, 1, 1, 1, 1]
[1, 1, 1, 1, 1]
[1, 1, 1, 1, 1]
[1, 1, 1, 1, 1]
[4, 4, 4, 4, 4]
[1, 1, 1, 1, 1]
[1, 1, 2, 2, 2]
[1, 1, 1, 1, 1]
[5, 5, 5, 5, 5]
[1, 1, 1, 1, 2]
[7, 9, 9, 9, 9]
[1, 1, 1, 1, 1]
[3, 3, 3, 3, 3]
[6, 6, 6, 6, 6]
[5, 6, 9, 10, 11]
[1, 1, 1, 1, 1]
[7, 7, 8, 9, 10]
[6, 6, 7, 8, 8]
[1, 1, 1, 1, 1]
[6, 9, 10, 11, 13]
[6, 6, 6, 7, 7]
[1, 2, 2, 2, 2]
[6, 6, 6, 6, 10]
[5, 9, 12, 15, 18]
[1, 1, 1, 1, 1]
[5, 5, 5, 5, 5]
[1, 1, 1, 1, 1]
[1, 1, 1, 1, 1]
[2, 2, 3, 5, 6]
[6, 6, 6, 7, 7]
[1, 1, 1, 2, 2]
[1, 1, 1, 1, 1]
[1, 2, 2, 2, 3]
[1, 1, 2, 2, 2]
[7, 10, 12, 15, 20]
[2, 2, 2, 2, 2]
[2, 3, 3, 3, 3]
[1, 1, 1, 2, 2]
[7, 10, 10, 11, 11]
[2, 5, 5, 6, 6]
[4, 4, 7, 8, 10]
[7, 8, 8, 8, 8]
[7, 7, 7, 7, 7]
[1, 1, 1, 1, 1]
[1, 1, 1, 1, 1]
[2, 3, 4, 4, 5]
[2, 5, 5, 7, 8]
[1, 1, 2, 2, 2]
[1, 1, 1, 1, 1]
[1, 2, 2, 2, 2]
[1, 2, 2, 2, 2]
[2, 2, 3, 4, 4]
[5, 5, 5, 5, 6]
[5, 5, 5, 6, 6]
[1, 1, 1, 1, 1]
[2, 3, 3, 4, 4]
[1, 1, 1, 1, 1]
[4, 4, 4, 4, 4]
[1, 1, 1, 1, 1]
[1, 1, 1, 1, 1]
[1, 1, 1, 1, 1]
[1, 1, 1, 1, 1]
[2, 2, 2, 2, 2]
[1, 1, 1, 1, 1]
[1, 2, 2, 2, 3]
[1, 1, 1, 1, 1]
[2, 2, 2, 2, 2]
[6, 6, 7, 7, 7]
[1, 1, 1, 1, 2]
[1, 1, 2, 2, 3]
[1, 1, 1, 1, 1]
[3, 6, 7, 7, 7]
[3, 4, 5, 5, 6]
[1, 2, 3, 4, 5]
[1, 1, 1, 1, 1]
[7, 9, 9, 9, 9]
[6, 7, 7, 7, 7]
[4, 4, 5, 5, 5]
[1, 1, 1, 1, 1]
[5, 5, 9, 9, 9]
[1, 1, 1, 1, 1]
[7, 9, 10, 11, 15]
[1, 1, 1, 1, 1]
[5, 5, 6, 7, 7]
[2, 2, 3, 3, 3]
[1, 1, 1, 1, 1]
[2, 3, 4, 4, 4]
[1, 1, 1, 1, 1]
[5, 5, 5, 7, 7]
[2, 2, 2, 2, 2]
[1, 2, 2, 2, 2]
[7, 8, 9, 10, 12]
[1, 3, 3, 5, 5]
[3, 4, 4, 4, 4]
[5, 7, 8, 8, 9]
[1, 1, 1, 1, 1]
[6, 6, 6, 6, 6]
[7, 7, 7, 7, 9]
[1, 1, 2, 2, 2]
[1, 1, 1, 1, 1]
[1, 2, 2, 3, 4]
[1, 1, 1, 1, 1]
[1, 1, 1, 1, 1]
[2, 2, 3, 3, 4]
[4, 4, 4, 4, 4]
[1, 1, 1, 1, 1]
[4, 5, 8, 8, 9]
[2, 2, 2, 2, 2]
[1, 1, 1, 1, 1]
[1, 1, 1, 1, 1]
[4, 5, 7, 7, 7]
[1, 1, 1, 1, 2]
[1, 3, 5, 9, 9]
[4, 4, 4, 5, 5]
[4, 6, 6, 8, 9]
[1, 2, 2, 2, 2]
[1, 2, 2, 3, 4]
[1, 1, 1, 1, 1]
[2, 2, 2, 4, 6]
[1, 1, 2, 2, 2]
[1, 2, 2, 2, 2]
[7, 8, 8, 9, 11]
[1, 1, 1, 1, 1]
[3, 3, 4, 4, 5]
[4, 4, 4, 4, 4]
[1, 1, 3, 4, 4]
[3, 3, 3, 4, 4]
[7, 8, 9, 11, 12]
[4, 4, 8, 8, 8]
[2, 2, 2, 2, 4]
[1, 1, 1, 1, 2]
[1, 2, 2, 2, 2]
[7, 7, 7, 7, 7]
[1, 1, 1, 1, 1]
[1, 1, 1, 1, 1]
[7, 10, 13, 15, 19]
[1, 1, 1, 1, 1]
[2, 3, 4, 4, 5]
[1, 1, 1, 1, 1]
[2, 2, 2, 2, 2]
[7, 8, 8, 8, 9]
[6, 7, 7, 8, 8]
[6, 6, 6, 6, 9]
[1, 1, 2, 3, 3]
[1, 1, 2, 3, 3]
[1, 1, 1, 1, 1]
[1, 1, 1, 1, 1]
[2, 3, 3, 3, 4]
[2, 2, 2, 3, 5]
[7, 7, 7, 7, 7]
[7, 9, 11, 13, 14]
[1, 2, 2, 2, 2]
[4, 4, 5, 5, 5]
[1, 2, 2, 2, 2]
[1, 2, 2, 3, 3]
[6, 7, 7, 7, 7]
[7, 10, 14, 16, 16]
[6, 7, 7, 7, 7]
[1, 1, 1, 1, 1]
[1, 1, 2, 3, 3]
[1, 1, 1, 1, 1]
[1, 1, 1, 1, 1]
[2, 3, 4, 4, 4]
[1, 1, 1, 2, 2]
[1, 1, 1, 1, 1]
[1, 1, 1, 1, 1]
[4, 4, 4, 4, 4]
[1, 1, 1, 1, 2]
[2, 3, 3, 3, 3]
[6, 9, 14, 17, 17]
[3, 5, 6, 7, 10]
[1, 1, 2, 2, 3]
[1, 1, 1, 1, 1]
[3, 3, 3, 3, 3]
[1, 3, 3, 3, 3]
[1, 1, 1, 1, 1]
[1, 1, 1, 1, 1]
[3, 3, 4, 6, 6]
[2, 2, 2, 2, 2]
[3, 4, 5, 5, 5]
[6, 7, 8, 8, 8]
[1, 1, 1, 1, 1]
[7, 7, 7, 8, 9]
[4, 4, 4, 4, 4]
[1, 1, 1, 1, 1]
[2, 2, 2, 2, 2]
[1, 1, 1, 1, 1]
[7, 8, 10, 10, 12]
[6, 7, 9, 10, 10]
[7, 7, 7, 7, 8]
[4, 5, 5, 6, 6]
[2, 2, 3, 3, 3]
[7, 9, 11, 16, 20]
[7, 9, 15, 16, 19]
[1, 1, 1, 1, 1]
[6, 6, 6, 6, 6]
